G3dErrFileVersion 2018P3.1
FlagFileMetaData Begin
   Mesh Size - Setup1, Refinement, Pass #1, Freq. 8.680000e+08 :Title    
   Listing of mesh elements with small segments. :ToolTip  
   hf3d :Author   
   1715872489 :TimeStamp
FlagFileMetaData End
BEGIN_ERR 
26 Small mesh segment detected on body : Box1
 Small mesh segment detected on body : Box1 
 Segment Statistics - Number of Segments : 1 --- Segment length(s) : 0.000280mm. The cutoff frequency for S-Matrix Only Solve is 10.9015439272727MHz 
3 -1  28  327  # nfids, fids[]
2 326  -1  # nbids, bids[]
      4 3 1 0 #ntets ntri ned npts
          -2.4972000000000005e-01   2.5000000000000000e+00   0.0000000000000000e+00 #xyz tv0
           1.2494399999999999e+00   5.5000000000000000e+00   0.0000000000000000e+00 #xyz tv1
          -2.5000000000000000e-01   2.5000000000000000e+00   0.0000000000000000e+00 #xyz tv2
           4.3330999999999997e-01   3.2779534170901572e+00  -2.6666666666666672e-01 -1 326 #xyz tv3 fid bid
           1.2494399999999999e+00   5.5000000000000000e+00   0.0000000000000000e+00 #xyz tv0
          -2.5000000000000000e-01   2.5000000000000000e+00   0.0000000000000000e+00 #xyz tv1
          -1.2605987351808601e+00   6.2653154497123786e+00   1.8222469115639743e+00 #xyz tv2
          -2.4972000000000005e-01   2.5000000000000000e+00   0.0000000000000000e+00 -1 326 #xyz tv3 fid bid
          -2.2047172947036706e-01   2.2926342230888177e+00   0.0000000000000000e+00 #xyz tv0
          -2.4972000000000005e-01   2.5000000000000000e+00   0.0000000000000000e+00 #xyz tv1
          -2.5000000000000000e-01   2.5000000000000000e+00   0.0000000000000000e+00 #xyz tv2
           4.3330999999999997e-01   3.2779534170901572e+00  -2.6666666666666672e-01 -1 326 #xyz tv3 fid bid
          -2.5000000000000000e-01   2.5000000000000000e+00   0.0000000000000000e+00 #xyz tv0
          -2.2047172947036706e-01   2.2926342230888177e+00   0.0000000000000000e+00 #xyz tv1
          -1.2605987351808601e+00   6.2653154497123786e+00   1.8222469115639743e+00 #xyz tv2
          -2.4972000000000005e-01   2.5000000000000000e+00   0.0000000000000000e+00 -1 326 #xyz tv3 fid bid
          -2.4972000000000005e-01   2.5000000000000000e+00   0.0000000000000000e+00 #xyz tv0
          -2.5000000000000000e-01   2.5000000000000000e+00   0.0000000000000000e+00 #xyz tv1
           1.2494399999999999e+00   5.5000000000000000e+00   0.0000000000000000e+00 28 -1 #xyz tv2 fid bid
          -2.4972000000000005e-01   2.5000000000000000e+00   0.0000000000000000e+00 #xyz tv0
          -2.5000000000000000e-01   2.5000000000000000e+00   0.0000000000000000e+00 #xyz tv1
           1.2494399999999999e+00   5.5000000000000000e+00   0.0000000000000000e+00 327 -1 #xyz tv2 fid bid
          -2.2047172947036706e-01   2.2926342230888177e+00   0.0000000000000000e+00 #xyz tv0
          -2.5000000000000000e-01   2.5000000000000000e+00   0.0000000000000000e+00 #xyz tv1
          -2.4972000000000005e-01   2.5000000000000000e+00   0.0000000000000000e+00 327 -1 #xyz tv2 fid bid
          -2.4972000000000005e-01   2.5000000000000000e+00   0.0000000000000000e+00 #xyz ev0
          -2.5000000000000000e-01   2.5000000000000000e+00   0.0000000000000000e+00 -1 326 #xyz ev1 fid bid
   0   0.000000000000e+00   0.000000000000e+00   0.000000000000e+00 #flag location
END_ERR 
G3dErrFileVersion 2018P3.1
FlagFileMetaData Begin
   Mesh Size - Setup1, Refinement, Pass #2, Freq. 8.680000e+08 :Title    
   Listing of mesh elements with small segments. :ToolTip  
   hf3d :Author   
   1715872491 :TimeStamp
FlagFileMetaData End
BEGIN_ERR 
26 Small mesh segment detected on body : Box1
 Small mesh segment detected on body : Box1 
 Segment Statistics - Number of Segments : 1 --- Segment length(s) : 0.000280mm. The cutoff frequency for S-Matrix Only Solve is 10.9015439272727MHz 
3 -1  28  327  # nfids, fids[]
2 326  -1  # nbids, bids[]
      5 3 1 0 #ntets ntri ned npts
          -2.4972000000000005e-01   2.5000000000000000e+00   0.0000000000000000e+00 #xyz tv0
           1.2494399999999999e+00   5.5000000000000000e+00   0.0000000000000000e+00 #xyz tv1
          -2.5000000000000000e-01   2.5000000000000000e+00   0.0000000000000000e+00 #xyz tv2
           4.3330999999999997e-01   3.2779534170901572e+00  -2.6666666666666672e-01 -1 326 #xyz tv3 fid bid
          -2.5000000000000000e-01   2.5000000000000000e+00   0.0000000000000000e+00 #xyz tv0
           1.3874169703455570e+00   4.0760735429616339e+00   9.4989702360065387e-01 #xyz tv1
           1.2494399999999999e+00   5.5000000000000000e+00   0.0000000000000000e+00 #xyz tv2
          -2.4972000000000005e-01   2.5000000000000000e+00   0.0000000000000000e+00 -1 326 #xyz tv3 fid bid
          -2.2047172947036706e-01   2.2926342230888177e+00   0.0000000000000000e+00 #xyz tv0
          -2.4972000000000005e-01   2.5000000000000000e+00   0.0000000000000000e+00 #xyz tv1
          -2.5000000000000000e-01   2.5000000000000000e+00   0.0000000000000000e+00 #xyz tv2
           4.3330999999999997e-01   3.2779534170901572e+00  -2.6666666666666672e-01 -1 326 #xyz tv3 fid bid
          -2.5000000000000000e-01   2.5000000000000000e+00   0.0000000000000000e+00 #xyz tv0
          -4.0237645700882924e-02   1.4671824444630177e+00   9.7989755491353370e-01 #xyz tv1
           1.3874169703455570e+00   4.0760735429616339e+00   9.4989702360065387e-01 #xyz tv2
          -2.4972000000000005e-01   2.5000000000000000e+00   0.0000000000000000e+00 -1 326 #xyz tv3 fid bid
          -2.5000000000000000e-01   2.5000000000000000e+00   0.0000000000000000e+00 #xyz tv0
          -4.0237645700882924e-02   1.4671824444630177e+00   9.7989755491353370e-01 #xyz tv1
          -2.4972000000000005e-01   2.5000000000000000e+00   0.0000000000000000e+00 #xyz tv2
          -2.2047172947036706e-01   2.2926342230888177e+00   0.0000000000000000e+00 -1 326 #xyz tv3 fid bid
          -2.4972000000000005e-01   2.5000000000000000e+00   0.0000000000000000e+00 #xyz tv0
          -2.5000000000000000e-01   2.5000000000000000e+00   0.0000000000000000e+00 #xyz tv1
           1.2494399999999999e+00   5.5000000000000000e+00   0.0000000000000000e+00 28 -1 #xyz tv2 fid bid
          -2.4972000000000005e-01   2.5000000000000000e+00   0.0000000000000000e+00 #xyz tv0
          -2.5000000000000000e-01   2.5000000000000000e+00   0.0000000000000000e+00 #xyz tv1
           1.2494399999999999e+00   5.5000000000000000e+00   0.0000000000000000e+00 327 -1 #xyz tv2 fid bid
          -2.2047172947036706e-01   2.2926342230888177e+00   0.0000000000000000e+00 #xyz tv0
          -2.5000000000000000e-01   2.5000000000000000e+00   0.0000000000000000e+00 #xyz tv1
          -2.4972000000000005e-01   2.5000000000000000e+00   0.0000000000000000e+00 327 -1 #xyz tv2 fid bid
          -2.4972000000000005e-01   2.5000000000000000e+00   0.0000000000000000e+00 #xyz ev0
          -2.5000000000000000e-01   2.5000000000000000e+00   0.0000000000000000e+00 -1 326 #xyz ev1 fid bid
   0   0.000000000000e+00   0.000000000000e+00   0.000000000000e+00 #flag location
END_ERR 
G3dErrFileVersion 2018P3.1
FlagFileMetaData Begin
   Mesh Size - Setup1, Refinement, Pass #3, Freq. 8.680000e+08 :Title    
   Listing of mesh elements with small segments. :ToolTip  
   hf3d :Author   
   1715872494 :TimeStamp
FlagFileMetaData End
BEGIN_ERR 
26 Small mesh segment detected on body : Box1
 Small mesh segment detected on body : Box1 
 Segment Statistics - Number of Segments : 1 --- Segment length(s) : 0.000280mm. The cutoff frequency for S-Matrix Only Solve is 10.9015439272727MHz 
3 -1  28  327  # nfids, fids[]
2 326  -1  # nbids, bids[]
      5 3 1 0 #ntets ntri ned npts
          -2.4972000000000005e-01   2.5000000000000000e+00   0.0000000000000000e+00 #xyz tv0
          -2.0000000000000000e+00   3.7500000000000000e+00  -8.0000000000000004e-01 #xyz tv1
          -2.5000000000000000e-01   5.0000000000000000e+00   2.0017091607769668e-33 #xyz tv2
          -2.5000000000000000e-01   2.5000000000000000e+00   0.0000000000000000e+00 -1 326 #xyz tv3 fid bid
          -4.0002928947518135e-01   3.5617894247799819e+00   1.2871682445344512e+00 #xyz tv0
          -2.4972000000000005e-01   2.5000000000000000e+00   0.0000000000000000e+00 #xyz tv1
          -2.5000000000000000e-01   5.0000000000000000e+00   2.0017091607769668e-33 #xyz tv2
          -2.5000000000000000e-01   2.5000000000000000e+00   0.0000000000000000e+00 -1 326 #xyz tv3 fid bid
          -2.4972000000000005e-01   2.5000000000000000e+00   0.0000000000000000e+00 #xyz tv0
          -2.2047172947036706e-01   2.2926342230888177e+00   0.0000000000000000e+00 #xyz tv1
          -2.0000000000000000e+00   3.7500000000000000e+00  -8.0000000000000004e-01 #xyz tv2
          -2.5000000000000000e-01   2.5000000000000000e+00   0.0000000000000000e+00 -1 326 #xyz tv3 fid bid
          -2.5000000000000000e-01   2.5000000000000000e+00   0.0000000000000000e+00 #xyz tv0
           2.1844648700825982e-02   1.6270422975983485e+00   7.9153266625064700e-01 #xyz tv1
          -2.4972000000000005e-01   2.5000000000000000e+00   0.0000000000000000e+00 #xyz tv2
          -2.2047172947036706e-01   2.2926342230888177e+00   0.0000000000000000e+00 -1 326 #xyz tv3 fid bid
          -4.0002928947518135e-01   3.5617894247799819e+00   1.2871682445344512e+00 #xyz tv0
           2.1844648700825982e-02   1.6270422975983485e+00   7.9153266625064700e-01 #xyz tv1
          -2.4972000000000005e-01   2.5000000000000000e+00   0.0000000000000000e+00 #xyz tv2
          -2.5000000000000000e-01   2.5000000000000000e+00   0.0000000000000000e+00 -1 326 #xyz tv3 fid bid
          -2.5000000000000000e-01   5.0000000000000000e+00   2.0017091607769668e-33 #xyz tv0
          -2.4972000000000005e-01   2.5000000000000000e+00   0.0000000000000000e+00 #xyz tv1
          -2.5000000000000000e-01   2.5000000000000000e+00   0.0000000000000000e+00 28 -1 #xyz tv2 fid bid
          -2.5000000000000000e-01   5.0000000000000000e+00   2.0017091607769668e-33 #xyz tv0
          -2.4972000000000005e-01   2.5000000000000000e+00   0.0000000000000000e+00 #xyz tv1
          -2.5000000000000000e-01   2.5000000000000000e+00   0.0000000000000000e+00 327 -1 #xyz tv2 fid bid
          -2.2047172947036706e-01   2.2926342230888177e+00   0.0000000000000000e+00 #xyz tv0
          -2.5000000000000000e-01   2.5000000000000000e+00   0.0000000000000000e+00 #xyz tv1
          -2.4972000000000005e-01   2.5000000000000000e+00   0.0000000000000000e+00 327 -1 #xyz tv2 fid bid
          -2.4972000000000005e-01   2.5000000000000000e+00   0.0000000000000000e+00 #xyz ev0
          -2.5000000000000000e-01   2.5000000000000000e+00   0.0000000000000000e+00 -1 326 #xyz ev1 fid bid
   0   0.000000000000e+00   0.000000000000e+00   0.000000000000e+00 #flag location
END_ERR 
G3dErrFileVersion 2018P3.1
FlagFileMetaData Begin
   Mesh Size - Setup1, Refinement, Pass #1, Freq. 8.680000e+08 :Title    
   Listing of mesh elements with small segments. :ToolTip  
   hf3d :Author   
   1715873399 :TimeStamp
FlagFileMetaData End
BEGIN_ERR 
26 Small mesh segment detected on body : Box1
 Small mesh segment detected on body : Box1 
 Segment Statistics - Number of Segments : 1 --- Segment length(s) : 0.050000mm. The cutoff frequency for S-Matrix Only Solve is 10.9015439272727MHz 
4 -1  327  331  393  # nfids, fids[]
2 326  -1  # nbids, bids[]
      5 3 1 0 #ntets ntri ned npts
           1.2000000000000000e+00   7.5000000000000000e+00  -2.6636067881454951e-16 #xyz tv0
          -2.5000000000000000e-01   7.5000000000000000e+00  -8.0000000000000004e-01 #xyz tv1
           1.1499999999999999e+00   7.5000000000000000e+00   0.0000000000000000e+00 #xyz tv2
           9.1738281249999987e-01   2.8069004304053151e+00  -2.3593749999999999e-01 -1 326 #xyz tv3 fid bid
           1.2000000000000000e+00   7.5000000000000000e+00  -2.6636067881454951e-16 #xyz tv0
           1.1499999999999999e+00   7.5000000000000000e+00   0.0000000000000000e+00 #xyz tv1
          -2.5000000000000000e-01   7.5000000000000000e+00  -8.0000000000000004e-01 #xyz tv2
          -2.4116516113281194e-01   1.1617677476671007e+01  -9.6469726562500013e-01 -1 326 #xyz tv3 fid bid
           1.1499999999999999e+00   7.5000000000000000e+00   0.0000000000000000e+00 #xyz tv0
           1.1499999999999999e+00   2.5000000000000000e+00   0.0000000000000000e+00 #xyz tv1
           1.2000000000000000e+00   7.5000000000000000e+00  -2.6636067881454951e-16 #xyz tv2
           9.1738281249999987e-01   2.8069004304053151e+00  -2.3593749999999999e-01 -1 326 #xyz tv3 fid bid
          -1.2000000000000000e+01   1.7500000000000000e+01   1.0000000000000000e+01 #xyz tv0
           1.2000000000000000e+00   7.5000000000000000e+00  -2.6636067881454951e-16 #xyz tv1
          -2.4116516113281194e-01   1.1617677476671007e+01  -9.6469726562500013e-01 #xyz tv2
           1.1499999999999999e+00   7.5000000000000000e+00   0.0000000000000000e+00 -1 326 #xyz tv3 fid bid
           1.1499999999999999e+00   7.5000000000000000e+00   0.0000000000000000e+00 #xyz tv0
           1.2000000000000000e+00   7.5000000000000000e+00  -2.6636067881454951e-16 #xyz tv1
           1.1499999999999999e+00   2.5000000000000000e+00   0.0000000000000000e+00 #xyz tv2
          -1.2000000000000000e+01   1.7500000000000000e+01   1.0000000000000000e+01 -1 326 #xyz tv3 fid bid
           1.1499999999999999e+00   7.5000000000000000e+00   0.0000000000000000e+00 #xyz tv0
           1.2000000000000000e+00   7.5000000000000000e+00  -2.6636067881454951e-16 #xyz tv1
           1.1499999999999999e+00   2.5000000000000000e+00   0.0000000000000000e+00 327 -1 #xyz tv2 fid bid
          -2.5000000000000000e-01   7.5000000000000000e+00  -8.0000000000000004e-01 #xyz tv0
           1.2000000000000000e+00   7.5000000000000000e+00  -2.6636067881454951e-16 #xyz tv1
           1.1499999999999999e+00   7.5000000000000000e+00   0.0000000000000000e+00 331 -1 #xyz tv2 fid bid
          -2.5000000000000000e-01   7.5000000000000000e+00  -8.0000000000000004e-01 #xyz tv0
           1.2000000000000000e+00   7.5000000000000000e+00  -2.6636067881454951e-16 #xyz tv1
           1.1499999999999999e+00   7.5000000000000000e+00   0.0000000000000000e+00 393 -1 #xyz tv2 fid bid
           1.1499999999999999e+00   7.5000000000000000e+00   0.0000000000000000e+00 #xyz ev0
           1.2000000000000000e+00   7.5000000000000000e+00  -2.6636067881454951e-16 -1 326 #xyz ev1 fid bid
   0   0.000000000000e+00   0.000000000000e+00   0.000000000000e+00 #flag location
END_ERR 
G3dErrFileVersion 2018P3.1
FlagFileMetaData Begin
   Mesh Size - Setup1, Refinement, Pass #2, Freq. 8.680000e+08 :Title    
   Listing of mesh elements with small segments. :ToolTip  
   hf3d :Author   
   1715873402 :TimeStamp
FlagFileMetaData End
BEGIN_ERR 
26 Small mesh segment detected on body : Box1
 Small mesh segment detected on body : Box1 
 Segment Statistics - Number of Segments : 1 --- Segment length(s) : 0.050000mm. The cutoff frequency for S-Matrix Only Solve is 10.9015439272727MHz 
4 -1  327  331  393  # nfids, fids[]
2 326  -1  # nbids, bids[]
      6 3 1 0 #ntets ntri ned npts
           1.2000000000000000e+00   7.5000000000000000e+00  -2.6636067881454951e-16 #xyz tv0
          -2.5000000000000000e-01   7.5000000000000000e+00  -8.0000000000000004e-01 #xyz tv1
           1.1499999999999999e+00   7.5000000000000000e+00   0.0000000000000000e+00 #xyz tv2
           9.1738281249999987e-01   2.8069004304053151e+00  -2.3593750000000002e-01 -1 326 #xyz tv3 fid bid
           1.2000000000000000e+00   7.5000000000000000e+00  -2.6636067881454951e-16 #xyz tv0
           1.1499999999999999e+00   7.5000000000000000e+00   0.0000000000000000e+00 #xyz tv1
          -2.5000000000000000e-01   7.5000000000000000e+00  -8.0000000000000004e-01 #xyz tv2
          -2.4116516113281194e-01   1.1617677476671009e+01  -9.6469726562500013e-01 -1 326 #xyz tv3 fid bid
           1.1499999999999999e+00   7.5000000000000000e+00   0.0000000000000000e+00 #xyz tv0
           1.1499999999999999e+00   2.5000000000000000e+00   0.0000000000000000e+00 #xyz tv1
           1.2000000000000000e+00   7.5000000000000000e+00  -2.6636067881454951e-16 #xyz tv2
           9.1738281249999987e-01   2.8069004304053151e+00  -2.3593750000000002e-01 -1 326 #xyz tv3 fid bid
          -1.2000000000000000e+01   1.7500000000000000e+01   1.0000000000000000e+01 #xyz tv0
           1.2000000000000000e+00   7.5000000000000000e+00  -2.6636067881454951e-16 #xyz tv1
          -2.4116516113281194e-01   1.1617677476671009e+01  -9.6469726562500013e-01 #xyz tv2
           1.1499999999999999e+00   7.5000000000000000e+00   0.0000000000000000e+00 -1 326 #xyz tv3 fid bid
          -5.4249999999999998e+00   1.0000000000000000e+01   5.0000000000000000e+00 #xyz tv0
           1.2000000000000000e+00   7.5000000000000000e+00  -2.6636067881454951e-16 #xyz tv1
           1.1499999999999999e+00   7.5000000000000000e+00   0.0000000000000000e+00 #xyz tv2
           1.1499999999999999e+00   2.5000000000000000e+00   0.0000000000000000e+00 -1 326 #xyz tv3 fid bid
          -5.4249999999999998e+00   1.0000000000000000e+01   5.0000000000000000e+00 #xyz tv0
           1.1499999999999999e+00   7.5000000000000000e+00   0.0000000000000000e+00 #xyz tv1
           1.2000000000000000e+00   7.5000000000000000e+00  -2.6636067881454951e-16 #xyz tv2
          -1.2000000000000000e+01   1.7500000000000000e+01   1.0000000000000000e+01 -1 326 #xyz tv3 fid bid
           1.1499999999999999e+00   7.5000000000000000e+00   0.0000000000000000e+00 #xyz tv0
           1.2000000000000000e+00   7.5000000000000000e+00  -2.6636067881454951e-16 #xyz tv1
           1.1499999999999999e+00   2.5000000000000000e+00   0.0000000000000000e+00 327 -1 #xyz tv2 fid bid
          -2.5000000000000000e-01   7.5000000000000000e+00  -8.0000000000000004e-01 #xyz tv0
           1.2000000000000000e+00   7.5000000000000000e+00  -2.6636067881454951e-16 #xyz tv1
           1.1499999999999999e+00   7.5000000000000000e+00   0.0000000000000000e+00 331 -1 #xyz tv2 fid bid
          -2.5000000000000000e-01   7.5000000000000000e+00  -8.0000000000000004e-01 #xyz tv0
           1.2000000000000000e+00   7.5000000000000000e+00  -2.6636067881454951e-16 #xyz tv1
           1.1499999999999999e+00   7.5000000000000000e+00   0.0000000000000000e+00 393 -1 #xyz tv2 fid bid
           1.1499999999999999e+00   7.5000000000000000e+00   0.0000000000000000e+00 #xyz ev0
           1.2000000000000000e+00   7.5000000000000000e+00  -2.6636067881454951e-16 -1 326 #xyz ev1 fid bid
   0   0.000000000000e+00   0.000000000000e+00   0.000000000000e+00 #flag location
END_ERR 
G3dErrFileVersion 2018P3.1
FlagFileMetaData Begin
   Mesh Size - Setup1, Refinement, Pass #3, Freq. 8.680000e+08 :Title    
   Listing of mesh elements with small segments. :ToolTip  
   hf3d :Author   
   1715873404 :TimeStamp
FlagFileMetaData End
BEGIN_ERR 
26 Small mesh segment detected on body : Box1
 Small mesh segment detected on body : Box1 
 Segment Statistics - Number of Segments : 1 --- Segment length(s) : 0.050000mm. The cutoff frequency for S-Matrix Only Solve is 10.9015439272727MHz 
4 -1  327  331  393  # nfids, fids[]
2 326  -1  # nbids, bids[]
      6 3 1 0 #ntets ntri ned npts
           1.2000000000000000e+00   7.5000000000000000e+00  -2.6636067881454951e-16 #xyz tv0
           1.1499999999999999e+00   5.0000000000000000e+00   0.0000000000000000e+00 #xyz tv1
           1.2000000000000000e+00   7.5000000000000000e+00  -8.0000000000000004e-01 #xyz tv2
           1.1499999999999999e+00   7.5000000000000000e+00   0.0000000000000000e+00 -1 326 #xyz tv3 fid bid
           1.1499999999999999e+00   7.5000000000000000e+00   0.0000000000000000e+00 #xyz tv0
          -2.4116516113281194e-01   1.1617677476671011e+01  -9.6469726562500013e-01 #xyz tv1
           1.2000000000000000e+00   7.5000000000000000e+00  -8.0000000000000004e-01 #xyz tv2
           1.2000000000000000e+00   7.5000000000000000e+00  -2.6636067881454951e-16 -1 326 #xyz tv3 fid bid
           1.2000000000000000e+00   7.5000000000000000e+00  -2.6636067881454951e-16 #xyz tv0
          -2.1375000000000002e+00   6.2500000000000000e+00   2.5000000000000000e+00 #xyz tv1
           1.1499999999999999e+00   5.0000000000000000e+00   0.0000000000000000e+00 #xyz tv2
           1.1499999999999999e+00   7.5000000000000000e+00   0.0000000000000000e+00 -1 326 #xyz tv3 fid bid
          -1.2000000000000000e+01   1.7500000000000000e+01   1.0000000000000000e+01 #xyz tv0
           1.2000000000000000e+00   7.5000000000000000e+00  -2.6636067881454951e-16 #xyz tv1
          -2.4116516113281194e-01   1.1617677476671011e+01  -9.6469726562500013e-01 #xyz tv2
           1.1499999999999999e+00   7.5000000000000000e+00   0.0000000000000000e+00 -1 326 #xyz tv3 fid bid
          -2.1375000000000002e+00   6.2500000000000000e+00   2.5000000000000000e+00 #xyz tv0
           1.1499999999999999e+00   7.5000000000000000e+00   0.0000000000000000e+00 #xyz tv1
           1.2000000000000000e+00   7.5000000000000000e+00  -2.6636067881454951e-16 #xyz tv2
          -5.4249999999999998e+00   1.0000000000000000e+01   5.0000000000000000e+00 -1 326 #xyz tv3 fid bid
          -5.4249999999999998e+00   1.0000000000000000e+01   5.0000000000000000e+00 #xyz tv0
           1.1499999999999999e+00   7.5000000000000000e+00   0.0000000000000000e+00 #xyz tv1
           1.2000000000000000e+00   7.5000000000000000e+00  -2.6636067881454951e-16 #xyz tv2
          -1.2000000000000000e+01   1.7500000000000000e+01   1.0000000000000000e+01 -1 326 #xyz tv3 fid bid
           1.2000000000000000e+00   7.5000000000000000e+00  -2.6636067881454951e-16 #xyz tv0
           1.1499999999999999e+00   5.0000000000000000e+00   0.0000000000000000e+00 #xyz tv1
           1.1499999999999999e+00   7.5000000000000000e+00   0.0000000000000000e+00 327 -1 #xyz tv2 fid bid
           1.1499999999999999e+00   7.5000000000000000e+00   0.0000000000000000e+00 #xyz tv0
           1.2000000000000000e+00   7.5000000000000000e+00  -8.0000000000000004e-01 #xyz tv1
           1.2000000000000000e+00   7.5000000000000000e+00  -2.6636067881454951e-16 331 -1 #xyz tv2 fid bid
           1.1499999999999999e+00   7.5000000000000000e+00   0.0000000000000000e+00 #xyz tv0
           1.2000000000000000e+00   7.5000000000000000e+00  -8.0000000000000004e-01 #xyz tv1
           1.2000000000000000e+00   7.5000000000000000e+00  -2.6636067881454951e-16 393 -1 #xyz tv2 fid bid
           1.1499999999999999e+00   7.5000000000000000e+00   0.0000000000000000e+00 #xyz ev0
           1.2000000000000000e+00   7.5000000000000000e+00  -2.6636067881454951e-16 -1 326 #xyz ev1 fid bid
   0   0.000000000000e+00   0.000000000000e+00   0.000000000000e+00 #flag location
END_ERR 
G3dErrFileVersion 2018P3.1
FlagFileMetaData Begin
   Mesh Size - Setup1, Refinement, Pass #4, Freq. 8.680000e+08 :Title    
   Listing of mesh elements with small segments. :ToolTip  
   hf3d :Author   
   1715873407 :TimeStamp
FlagFileMetaData End
BEGIN_ERR 
26 Small mesh segment detected on body : Box1
 Small mesh segment detected on body : Box1 
 Segment Statistics - Number of Segments : 1 --- Segment length(s) : 0.050000mm. The cutoff frequency for S-Matrix Only Solve is 10.9015439272727MHz 
4 -1  327  331  393  # nfids, fids[]
2 326  -1  # nbids, bids[]
      4 3 1 0 #ntets ntri ned npts
           1.2000000000000000e+00   7.5000000000000000e+00  -2.6636067881454951e-16 #xyz tv0
           1.1499999999999999e+00   5.0000000000000000e+00   0.0000000000000000e+00 #xyz tv1
           1.2000000000000000e+00   7.5000000000000000e+00  -8.0000000000000004e-01 #xyz tv2
           1.1499999999999999e+00   7.5000000000000000e+00   0.0000000000000000e+00 -1 326 #xyz tv3 fid bid
           1.2000000000000000e+00   7.5000000000000000e+00  -8.0000000000000004e-01 #xyz tv0
           1.1499999999999999e+00   7.5000000000000000e+00   0.0000000000000000e+00 #xyz tv1
           1.3794174194335940e+00   9.5588387383355045e+00  -4.8234863281250007e-01 #xyz tv2
           1.2000000000000000e+00   7.5000000000000000e+00  -2.6636067881454951e-16 -1 326 #xyz tv3 fid bid
           2.8711883546853478e-01   6.4832133410821831e+00   1.8113146361565977e+00 #xyz tv0
           1.1499999999999999e+00   7.5000000000000000e+00   0.0000000000000000e+00 #xyz tv1
           1.1499999999999999e+00   5.0000000000000000e+00   0.0000000000000000e+00 #xyz tv2
           1.2000000000000000e+00   7.5000000000000000e+00  -2.6636067881454951e-16 -1 326 #xyz tv3 fid bid
           2.8711883546853478e-01   6.4832133410821831e+00   1.8113146361565977e+00 #xyz tv0
           1.2000000000000000e+00   7.5000000000000000e+00  -2.6636067881454951e-16 #xyz tv1
           1.3794174194335940e+00   9.5588387383355045e+00  -4.8234863281250007e-01 #xyz tv2
           1.1499999999999999e+00   7.5000000000000000e+00   0.0000000000000000e+00 -1 326 #xyz tv3 fid bid
           1.2000000000000000e+00   7.5000000000000000e+00  -2.6636067881454951e-16 #xyz tv0
           1.1499999999999999e+00   5.0000000000000000e+00   0.0000000000000000e+00 #xyz tv1
           1.1499999999999999e+00   7.5000000000000000e+00   0.0000000000000000e+00 327 -1 #xyz tv2 fid bid
           1.1499999999999999e+00   7.5000000000000000e+00   0.0000000000000000e+00 #xyz tv0
           1.2000000000000000e+00   7.5000000000000000e+00  -8.0000000000000004e-01 #xyz tv1
           1.2000000000000000e+00   7.5000000000000000e+00  -2.6636067881454951e-16 331 -1 #xyz tv2 fid bid
           1.1499999999999999e+00   7.5000000000000000e+00   0.0000000000000000e+00 #xyz tv0
           1.2000000000000000e+00   7.5000000000000000e+00  -8.0000000000000004e-01 #xyz tv1
           1.2000000000000000e+00   7.5000000000000000e+00  -2.6636067881454951e-16 393 -1 #xyz tv2 fid bid
           1.1499999999999999e+00   7.5000000000000000e+00   0.0000000000000000e+00 #xyz ev0
           1.2000000000000000e+00   7.5000000000000000e+00  -2.6636067881454951e-16 -1 326 #xyz ev1 fid bid
   0   0.000000000000e+00   0.000000000000e+00   0.000000000000e+00 #flag location
END_ERR 
G3dErrFileVersion 2018P3.1
FlagFileMetaData Begin
   Mesh Size - Setup1, Refinement, Pass #5, Freq. 8.680000e+08 :Title    
   Listing of mesh elements with small segments. :ToolTip  
   hf3d :Author   
   1715873410 :TimeStamp
FlagFileMetaData End
BEGIN_ERR 
26 Small mesh segment detected on body : Box1
 Small mesh segment detected on body : Box1 
 Segment Statistics - Number of Segments : 1 --- Segment length(s) : 0.050000mm. The cutoff frequency for S-Matrix Only Solve is 10.9015439272727MHz 
4 -1  327  331  393  # nfids, fids[]
2 326  -1  # nbids, bids[]
      7 3 1 0 #ntets ntri ned npts
           2.1000000000000001e+00   6.5625000000000000e+00  -8.0000000000000004e-01 #xyz tv0
           1.1499999999999999e+00   7.5000000000000000e+00   0.0000000000000000e+00 #xyz tv1
           1.2000000000000000e+00   7.5000000000000000e+00  -2.6636067881454951e-16 #xyz tv2
           3.0000000000000000e+00   5.5352783203125000e+00  -8.0000000000000004e-01 -1 326 #xyz tv3 fid bid
           2.1000000000000001e+00   6.5625000000000000e+00  -8.0000000000000004e-01 #xyz tv0
           1.2000000000000000e+00   7.5000000000000000e+00  -2.6636067881454951e-16 #xyz tv1
           1.1499999999999999e+00   7.5000000000000000e+00   0.0000000000000000e+00 #xyz tv2
           1.2000000000000000e+00   7.5000000000000000e+00  -8.0000000000000004e-01 -1 326 #xyz tv3 fid bid
           1.1499999999999999e+00   7.5000000000000000e+00   0.0000000000000000e+00 #xyz tv0
           3.0000000000000000e+00   5.5352783203125000e+00  -8.0000000000000004e-01 #xyz tv1
           2.1000000000000001e+00   6.5625000000000000e+00  -1.3318033940727475e-16 #xyz tv2
           1.2000000000000000e+00   7.5000000000000000e+00  -2.6636067881454951e-16 -1 326 #xyz tv3 fid bid
           1.2000000000000000e+00   7.5000000000000000e+00  -8.0000000000000004e-01 #xyz tv0
           1.1499999999999999e+00   7.5000000000000000e+00   0.0000000000000000e+00 #xyz tv1
           1.3794174194335940e+00   9.5588387383355045e+00  -4.8234863281250007e-01 #xyz tv2
           1.2000000000000000e+00   7.5000000000000000e+00  -2.6636067881454951e-16 -1 326 #xyz tv3 fid bid
           1.1499999999999999e+00   7.5000000000000000e+00   0.0000000000000000e+00 #xyz tv0
           2.1000000000000001e+00   6.5625000000000000e+00  -1.3318033940727475e-16 #xyz tv1
           1.6435594177342674e+00   6.0541066705410920e+00   9.0565731807829886e-01 #xyz tv2
           1.2000000000000000e+00   7.5000000000000000e+00  -2.6636067881454951e-16 -1 326 #xyz tv3 fid bid
           1.1499999999999999e+00   7.5000000000000000e+00   0.0000000000000000e+00 #xyz tv0
           2.5712333043600202e+00   8.5573368576925297e+00   3.8878949682931663e+00 #xyz tv1
           1.3794174194335940e+00   9.5588387383355045e+00  -4.8234863281250007e-01 #xyz tv2
           1.2000000000000000e+00   7.5000000000000000e+00  -2.6636067881454951e-16 -1 326 #xyz tv3 fid bid
           1.1499999999999999e+00   7.5000000000000000e+00   0.0000000000000000e+00 #xyz tv0
           1.6435594177342674e+00   6.0541066705410920e+00   9.0565731807829886e-01 #xyz tv1
           2.5712333043600202e+00   8.5573368576925297e+00   3.8878949682931663e+00 #xyz tv2
           1.2000000000000000e+00   7.5000000000000000e+00  -2.6636067881454951e-16 -1 326 #xyz tv3 fid bid
           2.1000000000000001e+00   6.5625000000000000e+00  -1.3318033940727475e-16 #xyz tv0
           1.1499999999999999e+00   7.5000000000000000e+00   0.0000000000000000e+00 #xyz tv1
           1.2000000000000000e+00   7.5000000000000000e+00  -2.6636067881454951e-16 327 -1 #xyz tv2 fid bid
           1.1499999999999999e+00   7.5000000000000000e+00   0.0000000000000000e+00 #xyz tv0
           1.2000000000000000e+00   7.5000000000000000e+00  -8.0000000000000004e-01 #xyz tv1
           1.2000000000000000e+00   7.5000000000000000e+00  -2.6636067881454951e-16 331 -1 #xyz tv2 fid bid
           1.1499999999999999e+00   7.5000000000000000e+00   0.0000000000000000e+00 #xyz tv0
           1.2000000000000000e+00   7.5000000000000000e+00  -8.0000000000000004e-01 #xyz tv1
           1.2000000000000000e+00   7.5000000000000000e+00  -2.6636067881454951e-16 393 -1 #xyz tv2 fid bid
           1.1499999999999999e+00   7.5000000000000000e+00   0.0000000000000000e+00 #xyz ev0
           1.2000000000000000e+00   7.5000000000000000e+00  -2.6636067881454951e-16 -1 326 #xyz ev1 fid bid
   0   0.000000000000e+00   0.000000000000e+00   0.000000000000e+00 #flag location
END_ERR 
G3dErrFileVersion 2018P3.1
FlagFileMetaData Begin
   Mesh Size - Setup1, Refinement, Pass #6, Freq. 8.680000e+08 :Title    
   Listing of mesh elements with small segments. :ToolTip  
   hf3d :Author   
   1715873412 :TimeStamp
FlagFileMetaData End
BEGIN_ERR 
26 Small mesh segment detected on body : Box1
 Small mesh segment detected on body : Box1 
 Segment Statistics - Number of Segments : 1 --- Segment length(s) : 0.050000mm. The cutoff frequency for S-Matrix Only Solve is 10.9015439272727MHz 
4 -1  327  331  393  # nfids, fids[]
2 326  -1  # nbids, bids[]
      5 3 1 0 #ntets ntri ned npts
           1.2000000000000000e+00   7.5000000000000000e+00  -2.6636067881454951e-16 #xyz tv0
           1.1499999999999999e+00   6.2500000000000000e+00   0.0000000000000000e+00 #xyz tv1
           1.2000000000000000e+00   7.5000000000000000e+00  -8.0000000000000004e-01 #xyz tv2
           1.1499999999999999e+00   7.5000000000000000e+00   0.0000000000000000e+00 -1 326 #xyz tv3 fid bid
           1.2000000000000000e+00   7.5000000000000000e+00  -8.0000000000000004e-01 #xyz tv0
           1.1499999999999999e+00   7.5000000000000000e+00   0.0000000000000000e+00 #xyz tv1
           1.3794174194335940e+00   9.5588387383355045e+00  -4.8234863281250007e-01 #xyz tv2
           1.2000000000000000e+00   7.5000000000000000e+00  -2.6636067881454951e-16 -1 326 #xyz tv3 fid bid
           1.3748309926119253e+00   6.8885572781645639e+00   1.0844928111509193e+00 #xyz tv0
           1.1499999999999999e+00   6.2500000000000000e+00   0.0000000000000000e+00 #xyz tv1
           1.2000000000000000e+00   7.5000000000000000e+00  -2.6636067881454951e-16 #xyz tv2
           1.1499999999999999e+00   7.5000000000000000e+00   0.0000000000000000e+00 -1 326 #xyz tv3 fid bid
           1.9753253618968067e+00   9.0580877980140180e+00   1.7027731677403330e+00 #xyz tv0
           1.1499999999999999e+00   7.5000000000000000e+00   0.0000000000000000e+00 #xyz tv1
           1.2000000000000000e+00   7.5000000000000000e+00  -2.6636067881454951e-16 #xyz tv2
           1.3794174194335940e+00   9.5588387383355045e+00  -4.8234863281250007e-01 -1 326 #xyz tv3 fid bid
           1.3748309926119253e+00   6.8885572781645639e+00   1.0844928111509193e+00 #xyz tv0
           1.9753253618968067e+00   9.0580877980140180e+00   1.7027731677403330e+00 #xyz tv1
           1.1499999999999999e+00   7.5000000000000000e+00   0.0000000000000000e+00 #xyz tv2
           1.2000000000000000e+00   7.5000000000000000e+00  -2.6636067881454951e-16 -1 326 #xyz tv3 fid bid
           1.2000000000000000e+00   7.5000000000000000e+00  -2.6636067881454951e-16 #xyz tv0
           1.1499999999999999e+00   6.2500000000000000e+00   0.0000000000000000e+00 #xyz tv1
           1.1499999999999999e+00   7.5000000000000000e+00   0.0000000000000000e+00 327 -1 #xyz tv2 fid bid
           1.1499999999999999e+00   7.5000000000000000e+00   0.0000000000000000e+00 #xyz tv0
           1.2000000000000000e+00   7.5000000000000000e+00  -8.0000000000000004e-01 #xyz tv1
           1.2000000000000000e+00   7.5000000000000000e+00  -2.6636067881454951e-16 331 -1 #xyz tv2 fid bid
           1.1499999999999999e+00   7.5000000000000000e+00   0.0000000000000000e+00 #xyz tv0
           1.2000000000000000e+00   7.5000000000000000e+00  -8.0000000000000004e-01 #xyz tv1
           1.2000000000000000e+00   7.5000000000000000e+00  -2.6636067881454951e-16 393 -1 #xyz tv2 fid bid
           1.1499999999999999e+00   7.5000000000000000e+00   0.0000000000000000e+00 #xyz ev0
           1.2000000000000000e+00   7.5000000000000000e+00  -2.6636067881454951e-16 -1 326 #xyz ev1 fid bid
   0   0.000000000000e+00   0.000000000000e+00   0.000000000000e+00 #flag location
END_ERR 
G3dErrFileVersion 2018P3.1
FlagFileMetaData Begin
   Mesh Size - Setup1, Refinement, Pass #1, Freq. 8.680000e+08 :Title    
   Listing of mesh elements with small segments. :ToolTip  
   hf3d :Author   
   1715874409 :TimeStamp
FlagFileMetaData End
BEGIN_ERR 
26 Small mesh segment detected on body : Box1
 Small mesh segment detected on body : Box1 
 Segment Statistics - Number of Segments : 1 --- Segment length(s) : 0.117940mm. The cutoff frequency for S-Matrix Only Solve is 10.9015439272727MHz 
3 -1  28  327  # nfids, fids[]
2 326  -1  # nbids, bids[]
      5 3 1 0 #ntets ntri ned npts
           1.0373546315051170e+00   2.3827396060044150e+00   0.0000000000000000e+00 #xyz tv0
           1.0000000000000000e+00   1.8854356076261052e+00   0.0000000000000000e+00 #xyz tv1
           1.2000000000000000e+00  -9.1539019617757811e-18  -8.0000000000000004e-01 #xyz tv2
           1.0000000000000000e+00   2.2708712152522104e+00   0.0000000000000000e+00 -1 326 #xyz tv3 fid bid
           7.9510869565217401e-01   3.2138224448645625e+00  -2.8260869565217395e-01 #xyz tv0
           1.0373546315051170e+00   2.3827396060044150e+00   0.0000000000000000e+00 #xyz tv1
           1.2000000000000000e+00  -9.1539019617757811e-18  -8.0000000000000004e-01 #xyz tv2
           1.0000000000000000e+00   2.2708712152522104e+00   0.0000000000000000e+00 -1 326 #xyz tv3 fid bid
          -1.2000000000000000e+01   1.7500000000000000e+01   1.0000000000000000e+01 #xyz tv0
           1.0000000000000000e+00   1.8854356076261052e+00   0.0000000000000000e+00 #xyz tv1
           1.0373546315051170e+00   2.3827396060044150e+00   0.0000000000000000e+00 #xyz tv2
           1.0000000000000000e+00   2.2708712152522104e+00   0.0000000000000000e+00 -1 326 #xyz tv3 fid bid
           1.0000000000000000e+00   2.2708712152522104e+00   0.0000000000000000e+00 #xyz tv0
           1.0373546315051170e+00   2.3827396060044150e+00   0.0000000000000000e+00 #xyz tv1
           1.0500000000000000e+00   2.5000000000000000e+00   0.0000000000000000e+00 #xyz tv2
           7.9510869565217401e-01   3.2138224448645625e+00  -2.8260869565217395e-01 -1 326 #xyz tv3 fid bid
           1.0000000000000000e+00   2.2708712152522104e+00   0.0000000000000000e+00 #xyz tv0
           1.0500000000000000e+00   2.5000000000000000e+00   0.0000000000000000e+00 #xyz tv1
           1.0373546315051170e+00   2.3827396060044150e+00   0.0000000000000000e+00 #xyz tv2
          -1.2000000000000000e+01   1.7500000000000000e+01   1.0000000000000000e+01 -1 326 #xyz tv3 fid bid
           1.0000000000000000e+00   2.2708712152522104e+00   0.0000000000000000e+00 #xyz tv0
           1.0500000000000000e+00   2.5000000000000000e+00   0.0000000000000000e+00 #xyz tv1
           1.0373546315051170e+00   2.3827396060044150e+00   0.0000000000000000e+00 28 -1 #xyz tv2 fid bid
           1.0000000000000000e+00   2.2708712152522104e+00   0.0000000000000000e+00 #xyz tv0
           1.0500000000000000e+00   2.5000000000000000e+00   0.0000000000000000e+00 #xyz tv1
           1.0373546315051170e+00   2.3827396060044150e+00   0.0000000000000000e+00 327 -1 #xyz tv2 fid bid
           1.0373546315051170e+00   2.3827396060044150e+00   0.0000000000000000e+00 #xyz tv0
           1.0000000000000000e+00   1.8854356076261052e+00   0.0000000000000000e+00 #xyz tv1
           1.0000000000000000e+00   2.2708712152522104e+00   0.0000000000000000e+00 327 -1 #xyz tv2 fid bid
           1.0373546315051170e+00   2.3827396060044150e+00   0.0000000000000000e+00 #xyz ev0
           1.0000000000000000e+00   2.2708712152522104e+00   0.0000000000000000e+00 -1 326 #xyz ev1 fid bid
   0   0.000000000000e+00   0.000000000000e+00   0.000000000000e+00 #flag location
END_ERR 
G3dErrFileVersion 2018P3.1
FlagFileMetaData Begin
   Mesh Size - Setup1, Refinement, Pass #2, Freq. 8.680000e+08 :Title    
   Listing of mesh elements with small segments. :ToolTip  
   hf3d :Author   
   1715874412 :TimeStamp
FlagFileMetaData End
BEGIN_ERR 
26 Small mesh segment detected on body : Box1
 Small mesh segment detected on body : Box1 
 Segment Statistics - Number of Segments : 1 --- Segment length(s) : 0.117940mm. The cutoff frequency for S-Matrix Only Solve is 10.9015439272727MHz 
3 -1  28  327  # nfids, fids[]
2 326  -1  # nbids, bids[]
      5 3 1 0 #ntets ntri ned npts
           1.0373546315051170e+00   2.3827396060044150e+00   0.0000000000000000e+00 #xyz tv0
           1.0000000000000000e+00   1.8854356076261052e+00   0.0000000000000000e+00 #xyz tv1
           1.2000000000000000e+00  -9.1539019617757811e-18  -8.0000000000000004e-01 #xyz tv2
           1.0000000000000000e+00   2.2708712152522104e+00   0.0000000000000000e+00 -1 326 #xyz tv3 fid bid
           7.9510869565217401e-01   3.2138224448645625e+00  -2.8260869565217395e-01 #xyz tv0
           1.0373546315051170e+00   2.3827396060044150e+00   0.0000000000000000e+00 #xyz tv1
           1.2000000000000000e+00  -9.1539019617757811e-18  -8.0000000000000004e-01 #xyz tv2
           1.0000000000000000e+00   2.2708712152522104e+00   0.0000000000000000e+00 -1 326 #xyz tv3 fid bid
           1.0000000000000000e+00   1.8854356076261052e+00   0.0000000000000000e+00 #xyz tv0
          -5.4749999999999996e+00   1.0000000000000000e+01   5.0000000000000000e+00 #xyz tv1
           1.0000000000000000e+00   2.2708712152522104e+00   0.0000000000000000e+00 #xyz tv2
           1.0373546315051170e+00   2.3827396060044150e+00   0.0000000000000000e+00 -1 326 #xyz tv3 fid bid
           1.0000000000000000e+00   2.2708712152522104e+00   0.0000000000000000e+00 #xyz tv0
           1.0373546315051170e+00   2.3827396060044150e+00   0.0000000000000000e+00 #xyz tv1
           1.0500000000000000e+00   2.5000000000000000e+00   0.0000000000000000e+00 #xyz tv2
           7.9510869565217401e-01   3.2138224448645625e+00  -2.8260869565217395e-01 -1 326 #xyz tv3 fid bid
