G3dErrFileVersion 2018P3.1
FlagFileMetaData Begin
   Mesh Size - Setup1, Refinement, Pass #1, Freq. 5.000000e+09 :Title    
   Listing of mesh elements with small segments. :ToolTip  
   hf3d :Author   
   1715755851 :TimeStamp
FlagFileMetaData End
BEGIN_ERR 
26 Small mesh segment detected on body : Region
 Small mesh segment detected on body : Region 
 Segment Statistics - Number of Segments : 1 --- Segment length(s) : 0.000280mm. The cutoff frequency for S-Matrix Only Solve is 10.7068734999973MHz 
3 -1  248  58  # nfids, fids[]
2 346  -1  # nbids, bids[]
      5 3 1 0 #ntets ntri ned npts
           1.2500000000000000e+00   2.5299999999999998e+00   0.0000000000000000e+00 #xyz tv0
          -2.4972000000000005e-01   7.5299999999999994e+00   0.0000000000000000e+00 #xyz tv1
           4.9999999999999917e-01   7.0499999999999989e+00   5.0000000000000000e+00 #xyz tv2
           1.2497199999999999e+00   2.5299999999999998e+00   0.0000000000000000e+00 -1 346 #xyz tv3 fid bid
           1.2497199999999999e+00   2.5299999999999998e+00   0.0000000000000000e+00 #xyz tv0
           1.2204717294703671e+00   2.3226342230888175e+00   0.0000000000000000e+00 #xyz tv1
           4.9999999999999917e-01   7.0499999999999989e+00   5.0000000000000000e+00 #xyz tv2
           1.2500000000000000e+00   2.5299999999999998e+00   0.0000000000000000e+00 -1 346 #xyz tv3 fid bid
           4.4799833333333328e-01   7.0499999999999989e+00  -8.0000000000000004e-01 #xyz tv0
          -2.4972000000000005e-01   7.5299999999999994e+00   0.0000000000000000e+00 #xyz tv1
           1.2500000000000000e+00   2.5299999999999998e+00   0.0000000000000000e+00 #xyz tv2
           1.2497199999999999e+00   2.5299999999999998e+00   0.0000000000000000e+00 -1 346 #xyz tv3 fid bid
           1.0000000000000000e+00   0.0000000000000000e+00  -8.0000000000000004e-01 #xyz tv0
           1.2500000000000000e+00   2.5299999999999998e+00   0.0000000000000000e+00 #xyz tv1
           1.2204717294703671e+00   2.3226342230888175e+00   0.0000000000000000e+00 #xyz tv2
           1.2497199999999999e+00   2.5299999999999998e+00   0.0000000000000000e+00 -1 346 #xyz tv3 fid bid
           1.2500000000000000e+00   2.5299999999999998e+00   0.0000000000000000e+00 #xyz tv0
           4.4799833333333328e-01   7.0499999999999989e+00  -8.0000000000000004e-01 #xyz tv1
           1.2497199999999999e+00   2.5299999999999998e+00   0.0000000000000000e+00 #xyz tv2
           1.0000000000000000e+00   0.0000000000000000e+00  -8.0000000000000004e-01 -1 346 #xyz tv3 fid bid
           1.2500000000000000e+00   2.5299999999999998e+00   0.0000000000000000e+00 #xyz tv0
          -2.4972000000000005e-01   7.5299999999999994e+00   0.0000000000000000e+00 #xyz tv1
           1.2497199999999999e+00   2.5299999999999998e+00   0.0000000000000000e+00 248 -1 #xyz tv2 fid bid
           1.2500000000000000e+00   2.5299999999999998e+00   0.0000000000000000e+00 #xyz tv0
          -2.4972000000000005e-01   7.5299999999999994e+00   0.0000000000000000e+00 #xyz tv1
           1.2497199999999999e+00   2.5299999999999998e+00   0.0000000000000000e+00 58 -1 #xyz tv2 fid bid
           1.2500000000000000e+00   2.5299999999999998e+00   0.0000000000000000e+00 #xyz tv0
           1.2497199999999999e+00   2.5299999999999998e+00   0.0000000000000000e+00 #xyz tv1
           1.2204717294703671e+00   2.3226342230888175e+00   0.0000000000000000e+00 248 -1 #xyz tv2 fid bid
           1.2497199999999999e+00   2.5299999999999998e+00   0.0000000000000000e+00 #xyz ev0
           1.2500000000000000e+00   2.5299999999999998e+00   0.0000000000000000e+00 -1 346 #xyz ev1 fid bid
   0   0.000000000000e+00   0.000000000000e+00   0.000000000000e+00 #flag location
END_ERR 
G3dErrFileVersion 2018P3.1
FlagFileMetaData Begin
   Mesh Size - Setup1, Refinement, Pass #2, Freq. 5.000000e+09 :Title    
   Listing of mesh elements with small segments. :ToolTip  
   hf3d :Author   
   1715755853 :TimeStamp
FlagFileMetaData End
BEGIN_ERR 
26 Small mesh segment detected on body : Region
 Small mesh segment detected on body : Region 
 Segment Statistics - Number of Segments : 1 --- Segment length(s) : 0.000280mm. The cutoff frequency for S-Matrix Only Solve is 10.7068734999973MHz 
3 -1  248  58  # nfids, fids[]
2 346  -1  # nbids, bids[]
      5 3 1 0 #ntets ntri ned npts
           1.2497199999999999e+00   1.2529999999999999e+01   0.0000000000000000e+00 #xyz tv0
           1.2500000000000000e+00   7.5299999999999994e+00   0.0000000000000000e+00 #xyz tv1
           2.5000000000000009e+00   1.0574999999999999e+01   2.5000000000000000e+00 #xyz tv2
           1.2500000000000000e+00   1.2529999999999999e+01   0.0000000000000000e+00 -1 346 #xyz tv3 fid bid
           1.2497199999999999e+00   1.2529999999999999e+01   0.0000000000000000e+00 #xyz tv0
           2.5000000000000009e+00   1.0574999999999999e+01   2.5000000000000000e+00 #xyz tv1
           1.2497199999999999e+00   1.3149414062499998e+01   0.0000000000000000e+00 #xyz tv2
           1.2500000000000000e+00   1.2529999999999999e+01   0.0000000000000000e+00 -1 346 #xyz tv3 fid bid
           4.8154370370370392e-01   7.0499999999999989e+00  -8.0000000000000004e-01 #xyz tv0
           1.2500000000000000e+00   7.5299999999999994e+00   0.0000000000000000e+00 #xyz tv1
           1.2497199999999999e+00   1.2529999999999999e+01   0.0000000000000000e+00 #xyz tv2
           1.2500000000000000e+00   1.2529999999999999e+01   0.0000000000000000e+00 -1 346 #xyz tv3 fid bid
           1.2497199999999999e+00   1.3149414062499998e+01   0.0000000000000000e+00 #xyz tv0
           1.2500000000000000e+00   1.2529999999999999e+01   0.0000000000000000e+00 #xyz tv1
           1.3000000000000003e+00   1.4099999999999998e+01  -8.0000000000000004e-01 #xyz tv2
           1.2497199999999999e+00   1.2529999999999999e+01   0.0000000000000000e+00 -1 346 #xyz tv3 fid bid
           1.3000000000000003e+00   1.4099999999999998e+01  -8.0000000000000004e-01 #xyz tv0
           1.2500000000000000e+00   1.2529999999999999e+01   0.0000000000000000e+00 #xyz tv1
           4.8154370370370392e-01   7.0499999999999989e+00  -8.0000000000000004e-01 #xyz tv2
           1.2497199999999999e+00   1.2529999999999999e+01   0.0000000000000000e+00 -1 346 #xyz tv3 fid bid
           1.2497199999999999e+00   1.2529999999999999e+01   0.0000000000000000e+00 #xyz tv0
           1.2500000000000000e+00   7.5299999999999994e+00   0.0000000000000000e+00 #xyz tv1
           1.2500000000000000e+00   1.2529999999999999e+01   0.0000000000000000e+00 248 -1 #xyz tv2 fid bid
           1.2497199999999999e+00   1.2529999999999999e+01   0.0000000000000000e+00 #xyz tv0
           1.2500000000000000e+00   7.5299999999999994e+00   0.0000000000000000e+00 #xyz tv1
           1.2500000000000000e+00   1.2529999999999999e+01   0.0000000000000000e+00 58 -1 #xyz tv2 fid bid
           1.2497199999999999e+00   1.3149414062499998e+01   0.0000000000000000e+00 #xyz tv0
           1.2497199999999999e+00   1.2529999999999999e+01   0.0000000000000000e+00 #xyz tv1
           1.2500000000000000e+00   1.2529999999999999e+01   0.0000000000000000e+00 248 -1 #xyz tv2 fid bid
           1.2500000000000000e+00   1.2529999999999999e+01   0.0000000000000000e+00 #xyz ev0
           1.2497199999999999e+00   1.2529999999999999e+01   0.0000000000000000e+00 -1 346 #xyz ev1 fid bid
   0   0.000000000000e+00   0.000000000000e+00   0.000000000000e+00 #flag location
END_ERR 
G3dErrFileVersion 2018P3.1
FlagFileMetaData Begin
   Mesh Size - Setup1, Refinement, Pass #3, Freq. 5.000000e+09 :Title    
   Listing of mesh elements with small segments. :ToolTip  
   hf3d :Author   
   1715755856 :TimeStamp
FlagFileMetaData End
BEGIN_ERR 
26 Small mesh segment detected on body : Region
 Small mesh segment detected on body : Region 
 Segment Statistics - Number of Segments : 1 --- Segment length(s) : 0.000280mm. The cutoff frequency for S-Matrix Only Solve is 10.7068734999973MHz 
3 -1  248  58  # nfids, fids[]
2 346  -1  # nbids, bids[]
      5 3 1 0 #ntets ntri ned npts
           1.2497199999999999e+00   1.3149414062499998e+01   0.0000000000000000e+00 #xyz tv0
           5.2865483832350435e-01   1.2001474451819750e+01   2.1785505016399331e+00 #xyz tv1
           1.2500000000000000e+00   1.2529999999999999e+01   0.0000000000000000e+00 #xyz tv2
           1.2497199999999999e+00   1.2529999999999999e+01   0.0000000000000000e+00 -1 346 #xyz tv3 fid bid
           1.2500000000000000e+00   7.5299999999999994e+00   0.0000000000000000e+00 #xyz tv0
           1.2500000000000000e+00   1.2529999999999999e+01   0.0000000000000000e+00 #xyz tv1
           5.2865483832350435e-01   1.2001474451819750e+01   2.1785505016399331e+00 #xyz tv2
           1.2497199999999999e+00   1.2529999999999999e+01   0.0000000000000000e+00 -1 346 #xyz tv3 fid bid
           1.2497199999999999e+00   1.3149414062499998e+01   0.0000000000000000e+00 #xyz tv0
           1.2500000000000000e+00   1.2529999999999999e+01   0.0000000000000000e+00 #xyz tv1
           1.3000000000000003e+00   1.4099999999999998e+01  -8.0000000000000004e-01 #xyz tv2
           1.2497199999999999e+00   1.2529999999999999e+01   0.0000000000000000e+00 -1 346 #xyz tv3 fid bid
           1.2497199999999999e+00   1.2529999999999999e+01   0.0000000000000000e+00 #xyz tv0
           2.2225919759279842e+00   1.1135984294952546e+01  -8.0000000000000004e-01 #xyz tv1
           1.2500000000000000e+00   7.5299999999999994e+00   0.0000000000000000e+00 #xyz tv2
           1.2500000000000000e+00   1.2529999999999999e+01   0.0000000000000000e+00 -1 346 #xyz tv3 fid bid
           1.2497199999999999e+00   1.2529999999999999e+01   0.0000000000000000e+00 #xyz tv0
           2.2225919759279842e+00   1.1135984294952546e+01  -8.0000000000000004e-01 #xyz tv1
           1.2500000000000000e+00   1.2529999999999999e+01   0.0000000000000000e+00 #xyz tv2
           1.3000000000000003e+00   1.4099999999999998e+01  -8.0000000000000004e-01 -1 346 #xyz tv3 fid bid
           1.2497199999999999e+00   1.2529999999999999e+01   0.0000000000000000e+00 #xyz tv0
           1.2500000000000000e+00   7.5299999999999994e+00   0.0000000000000000e+00 #xyz tv1
           1.2500000000000000e+00   1.2529999999999999e+01   0.0000000000000000e+00 248 -1 #xyz tv2 fid bid
           1.2497199999999999e+00   1.2529999999999999e+01   0.0000000000000000e+00 #xyz tv0
           1.2500000000000000e+00   7.5299999999999994e+00   0.0000000000000000e+00 #xyz tv1
           1.2500000000000000e+00   1.2529999999999999e+01   0.0000000000000000e+00 58 -1 #xyz tv2 fid bid
           1.2497199999999999e+00   1.3149414062499998e+01   0.0000000000000000e+00 #xyz tv0
           1.2497199999999999e+00   1.2529999999999999e+01   0.0000000000000000e+00 #xyz tv1
           1.2500000000000000e+00   1.2529999999999999e+01   0.0000000000000000e+00 248 -1 #xyz tv2 fid bid
           1.2500000000000000e+00   1.2529999999999999e+01   0.0000000000000000e+00 #xyz ev0
           1.2497199999999999e+00   1.2529999999999999e+01   0.0000000000000000e+00 -1 346 #xyz ev1 fid bid
   0   0.000000000000e+00   0.000000000000e+00   0.000000000000e+00 #flag location
END_ERR 
G3dErrFileVersion 2018P3.1
FlagFileMetaData Begin
   Mesh Size - Setup1, Refinement, Pass #4, Freq. 5.000000e+09 :Title    
   Listing of mesh elements with small segments. :ToolTip  
   hf3d :Author   
   1715755859 :TimeStamp
FlagFileMetaData End
BEGIN_ERR 
26 Small mesh segment detected on body : Region
 Small mesh segment detected on body : Region 
 Segment Statistics - Number of Segments : 1 --- Segment length(s) : 0.000280mm. The cutoff frequency for S-Matrix Only Solve is 10.7068734999973MHz 
3 -1  248  58  # nfids, fids[]
2 346  -1  # nbids, bids[]
      5 3 1 0 #ntets ntri ned npts
           1.2500000000000000e+00   1.2529999999999999e+01   0.0000000000000000e+00 #xyz tv0
           5.2865483832350435e-01   1.2001474451819750e+01   2.1785505016399331e+00 #xyz tv1
           4.6135332355886205e-01   1.0007675189528101e+01   1.6732914424657748e+00 #xyz tv2
           1.2497199999999999e+00   1.2529999999999999e+01   0.0000000000000000e+00 -1 346 #xyz tv3 fid bid
           1.2497199999999999e+00   1.3068633422851562e+01   0.0000000000000000e+00 #xyz tv0
           5.2865483832350435e-01   1.2001474451819750e+01   2.1785505016399331e+00 #xyz tv1
           1.2500000000000000e+00   1.2529999999999999e+01   0.0000000000000000e+00 #xyz tv2
           1.2497199999999999e+00   1.2529999999999999e+01   0.0000000000000000e+00 -1 346 #xyz tv3 fid bid
           1.2500000000000000e+00   1.2529999999999999e+01   0.0000000000000000e+00 #xyz tv0
           4.6135332355886205e-01   1.0007675189528101e+01   1.6732914424657748e+00 #xyz tv1
          -2.4972000000000005e-01   1.0029999999999999e+01   0.0000000000000000e+00 #xyz tv2
           1.2497199999999999e+00   1.2529999999999999e+01   0.0000000000000000e+00 -1 346 #xyz tv3 fid bid
           1.2500000000000000e+00   1.2529999999999999e+01   0.0000000000000000e+00 #xyz tv0
           9.8643598796399223e-01   1.2617992147476272e+01  -8.0000000000000004e-01 #xyz tv1
           1.2497199999999999e+00   1.3068633422851562e+01   0.0000000000000000e+00 #xyz tv2
           1.2497199999999999e+00   1.2529999999999999e+01   0.0000000000000000e+00 -1 346 #xyz tv3 fid bid
           9.8643598796399223e-01   1.2617992147476272e+01  -8.0000000000000004e-01 #xyz tv0
           1.2500000000000000e+00   1.2529999999999999e+01   0.0000000000000000e+00 #xyz tv1
          -2.4972000000000005e-01   1.0029999999999999e+01   0.0000000000000000e+00 #xyz tv2
           1.2497199999999999e+00   1.2529999999999999e+01   0.0000000000000000e+00 -1 346 #xyz tv3 fid bid
          -2.4972000000000005e-01   1.0029999999999999e+01   0.0000000000000000e+00 #xyz tv0
           1.2500000000000000e+00   1.2529999999999999e+01   0.0000000000000000e+00 #xyz tv1
           1.2497199999999999e+00   1.2529999999999999e+01   0.0000000000000000e+00 248 -1 #xyz tv2 fid bid
          -2.4972000000000005e-01   1.0029999999999999e+01   0.0000000000000000e+00 #xyz tv0
           1.2500000000000000e+00   1.2529999999999999e+01   0.0000000000000000e+00 #xyz tv1
           1.2497199999999999e+00   1.2529999999999999e+01   0.0000000000000000e+00 58 -1 #xyz tv2 fid bid
           1.2497199999999999e+00   1.3068633422851562e+01   0.0000000000000000e+00 #xyz tv0
           1.2497199999999999e+00   1.2529999999999999e+01   0.0000000000000000e+00 #xyz tv1
           1.2500000000000000e+00   1.2529999999999999e+01   0.0000000000000000e+00 248 -1 #xyz tv2 fid bid
           1.2500000000000000e+00   1.2529999999999999e+01   0.0000000000000000e+00 #xyz ev0
           1.2497199999999999e+00   1.2529999999999999e+01   0.0000000000000000e+00 -1 346 #xyz ev1 fid bid
   0   0.000000000000e+00   0.000000000000e+00   0.000000000000e+00 #flag location
END_ERR 
G3dErrFileVersion 2018P3.1
FlagFileMetaData Begin
   Mesh Size - Setup1, Refinement, Pass #5, Freq. 5.000000e+09 :Title    
   Listing of mesh elements with small segments. :ToolTip  
   hf3d :Author   
   1715755863 :TimeStamp
FlagFileMetaData End
BEGIN_ERR 
26 Small mesh segment detected on body : Region
 Small mesh segment detected on body : Region 
 Segment Statistics - Number of Segments : 1 --- Segment length(s) : 0.000280mm. The cutoff frequency for S-Matrix Only Solve is 10.7068734999973MHz 
3 -1  248  58  # nfids, fids[]
2 346  -1  # nbids, bids[]
      5 3 1 0 #ntets ntri ned npts
           3.9133703238928241e-01   1.1843280753053737e+01   1.8111798148781171e+00 #xyz tv0
           1.2497199999999999e+00   1.2529999999999999e+01   0.0000000000000000e+00 #xyz tv1
           1.2500000000000000e+00   1.0029999999999999e+01   0.0000000000000000e+00 #xyz tv2
           1.2500000000000000e+00   1.2529999999999999e+01   0.0000000000000000e+00 -1 346 #xyz tv3 fid bid
           1.2497199999999999e+00   1.2529999999999999e+01   0.0000000000000000e+00 #xyz tv0
           9.9634842113134459e-01   1.3226578334075562e+01   9.7487659801683435e-01 #xyz tv1
           1.2500000000000000e+00   1.2529999999999999e+01   0.0000000000000000e+00 #xyz tv2
           3.9133703238928241e-01   1.1843280753053737e+01   1.8111798148781171e+00 -1 346 #xyz tv3 fid bid
           1.2497199999999999e+00   1.2529999999999999e+01   0.0000000000000000e+00 #xyz tv0
           9.8643598796399223e-01   1.2617992147476272e+01  -8.0000000000000004e-01 #xyz tv1
           1.2500000000000000e+00   1.0029999999999999e+01   0.0000000000000000e+00 #xyz tv2
           1.2500000000000000e+00   1.2529999999999999e+01   0.0000000000000000e+00 -1 346 #xyz tv3 fid bid
           1.2497199999999999e+00   1.2529999999999999e+01   0.0000000000000000e+00 #xyz tv0
           1.2500000000000000e+00   1.2529999999999999e+01   0.0000000000000000e+00 #xyz tv1
           9.9634842113134459e-01   1.3226578334075562e+01   9.7487659801683435e-01 #xyz tv2
           1.2497199999999999e+00   1.3068633422851562e+01   0.0000000000000000e+00 -1 346 #xyz tv3 fid bid
           1.2500000000000000e+00   1.2529999999999999e+01   0.0000000000000000e+00 #xyz tv0
           9.8643598796399223e-01   1.2617992147476272e+01  -8.0000000000000004e-01 #xyz tv1
           1.2497199999999999e+00   1.3068633422851562e+01   0.0000000000000000e+00 #xyz tv2
           1.2497199999999999e+00   1.2529999999999999e+01   0.0000000000000000e+00 -1 346 #xyz tv3 fid bid
           1.2497199999999999e+00   1.2529999999999999e+01   0.0000000000000000e+00 #xyz tv0
           1.2500000000000000e+00   1.0029999999999999e+01   0.0000000000000000e+00 #xyz tv1
           1.2500000000000000e+00   1.2529999999999999e+01   0.0000000000000000e+00 248 -1 #xyz tv2 fid bid
           1.2497199999999999e+00   1.2529999999999999e+01   0.0000000000000000e+00 #xyz tv0
           1.2500000000000000e+00   1.0029999999999999e+01   0.0000000000000000e+00 #xyz tv1
           1.2500000000000000e+00   1.2529999999999999e+01   0.0000000000000000e+00 58 -1 #xyz tv2 fid bid
           1.2497199999999999e+00   1.3068633422851562e+01   0.0000000000000000e+00 #xyz tv0
           1.2497199999999999e+00   1.2529999999999999e+01   0.0000000000000000e+00 #xyz tv1
           1.2500000000000000e+00   1.2529999999999999e+01   0.0000000000000000e+00 248 -1 #xyz tv2 fid bid
           1.2500000000000000e+00   1.2529999999999999e+01   0.0000000000000000e+00 #xyz ev0
           1.2497199999999999e+00   1.2529999999999999e+01   0.0000000000000000e+00 -1 346 #xyz ev1 fid bid
   0   0.000000000000e+00   0.000000000000e+00   0.000000000000e+00 #flag location
END_ERR 
G3dErrFileVersion 2018P3.1
FlagFileMetaData Begin
   Mesh Size - Setup1, Refinement, Pass #6, Freq. 5.000000e+09 :Title    
   Listing of mesh elements with small segments. :ToolTip  
   hf3d :Author   
   1715755865 :TimeStamp
FlagFileMetaData End
BEGIN_ERR 
26 Small mesh segment detected on body : Region
 Small mesh segment detected on body : Region 
 Segment Statistics - Number of Segments : 1 --- Segment length(s) : 0.000280mm. The cutoff frequency for S-Matrix Only Solve is 10.7068734999973MHz 
3 -1  248  58  # nfids, fids[]
2 346  -1  # nbids, bids[]
      6 3 1 0 #ntets ntri ned npts
           9.1531352004699007e-01   1.2337689928701257e+01   5.2844028638603768e-01 #xyz tv0
           6.2041530864197525e-01   1.1480617283950616e+01   0.0000000000000000e+00 #xyz tv1
           1.2500000000000000e+00   1.2529999999999999e+01   0.0000000000000000e+00 #xyz tv2
           1.2497199999999999e+00   1.2529999999999999e+01   0.0000000000000000e+00 -1 346 #xyz tv3 fid bid
           9.1531352004699007e-01   1.2337689928701257e+01   5.2844028638603768e-01 #xyz tv0
           1.2500000000000000e+00   1.2529999999999999e+01   0.0000000000000000e+00 #xyz tv1
           1.0810173479365237e+00   1.3154930462756221e+01   6.6167887389669811e-01 #xyz tv2
           1.2497199999999999e+00   1.2529999999999999e+01   0.0000000000000000e+00 -1 346 #xyz tv3 fid bid
           6.8164875803109781e-01   1.1516966846512192e+01  -3.0000000000000004e-01 #xyz tv0
           1.2497199999999999e+00   1.2529999999999999e+01   0.0000000000000000e+00 #xyz tv1
           1.2500000000000000e+00   1.2529999999999999e+01   0.0000000000000000e+00 #xyz tv2
           6.2041530864197525e-01   1.1480617283950616e+01   0.0000000000000000e+00 -1 346 #xyz tv3 fid bid
           1.2497199999999999e+00   1.2529999999999999e+01   0.0000000000000000e+00 #xyz tv0
           1.2500000000000000e+00   1.2529999999999999e+01   0.0000000000000000e+00 #xyz tv1
           1.0810173479365237e+00   1.3154930462756221e+01   6.6167887389669811e-01 #xyz tv2
           1.2497199999999999e+00   1.3068633422851562e+01   0.0000000000000000e+00 -1 346 #xyz tv3 fid bid
           6.8164875803109781e-01   1.1516966846512192e+01  -3.0000000000000004e-01 #xyz tv0
           1.2500000000000000e+00   1.2529999999999999e+01   0.0000000000000000e+00 #xyz tv1
           1.2497199999999999e+00   1.2529999999999999e+01   0.0000000000000000e+00 #xyz tv2
           1.1656255464302991e+00   1.2615682402953039e+01  -8.0000000000000004e-01 -1 346 #xyz tv3 fid bid
           1.2500000000000000e+00   1.2529999999999999e+01   0.0000000000000000e+00 #xyz tv0
           1.1656255464302991e+00   1.2615682402953039e+01  -8.0000000000000004e-01 #xyz tv1
           1.2497199999999999e+00   1.3068633422851562e+01   0.0000000000000000e+00 #xyz tv2
           1.2497199999999999e+00   1.2529999999999999e+01   0.0000000000000000e+00 -1 346 #xyz tv3 fid bid
           6.2041530864197525e-01   1.1480617283950616e+01   0.0000000000000000e+00 #xyz tv0
           1.2500000000000000e+00   1.2529999999999999e+01   0.0000000000000000e+00 #xyz tv1
           1.2497199999999999e+00   1.2529999999999999e+01   0.0000000000000000e+00 248 -1 #xyz tv2 fid bid
           6.2041530864197525e-01   1.1480617283950616e+01   0.0000000000000000e+00 #xyz tv0
           1.2500000000000000e+00   1.2529999999999999e+01   0.0000000000000000e+00 #xyz tv1
           1.2497199999999999e+00   1.2529999999999999e+01   0.0000000000000000e+00 58 -1 #xyz tv2 fid bid
           1.2497199999999999e+00   1.3068633422851562e+01   0.0000000000000000e+00 #xyz tv0
           1.2497199999999999e+00   1.2529999999999999e+01   0.0000000000000000e+00 #xyz tv1
           1.2500000000000000e+00   1.2529999999999999e+01   0.0000000000000000e+00 248 -1 #xyz tv2 fid bid
           1.2500000000000000e+00   1.2529999999999999e+01   0.0000000000000000e+00 #xyz ev0
           1.2497199999999999e+00   1.2529999999999999e+01   0.0000000000000000e+00 -1 346 #xyz ev1 fid bid
   0   0.000000000000e+00   0.000000000000e+00   0.000000000000e+00 #flag location
END_ERR 
G3dErrFileVersion 2018P3.1
FlagFileMetaData Begin
   Mesh Size - Setup1, Refinement, Pass #6, Freq. 5.000000e+09 :Title    
   Listing of mesh elements with small segments. :ToolTip  
   hf3d :Author   
   1715756857 :TimeStamp
FlagFileMetaData End
BEGIN_ERR 
26 Small mesh segment detected on body : Region
 Small mesh segment detected on body : Region 
 Segment Statistics - Number of Segments : 1 --- Segment length(s) : 0.000280mm. The cutoff frequency for S-Matrix Only Solve is 10.7068734999973MHz 
3 -1  248  58  # nfids, fids[]
2 346  -1  # nbids, bids[]
      6 3 1 0 #ntets ntri ned npts
           9.1531352004699007e-01   1.2337689928701257e+01   5.2844028638603768e-01 #xyz tv0
           6.2041530864197525e-01   1.1480617283950616e+01   0.0000000000000000e+00 #xyz tv1
           1.2500000000000000e+00   1.2529999999999999e+01   0.0000000000000000e+00 #xyz tv2
           1.2497199999999999e+00   1.2529999999999999e+01   0.0000000000000000e+00 -1 346 #xyz tv3 fid bid
           9.1531352004699007e-01   1.2337689928701257e+01   5.2844028638603768e-01 #xyz tv0
           1.2500000000000000e+00   1.2529999999999999e+01   0.0000000000000000e+00 #xyz tv1
           1.0810173479365237e+00   1.3154930462756221e+01   6.6167887389669811e-01 #xyz tv2
           1.2497199999999999e+00   1.2529999999999999e+01   0.0000000000000000e+00 -1 346 #xyz tv3 fid bid
           6.8164875803109781e-01   1.1516966846512192e+01  -3.0000000000000004e-01 #xyz tv0
           1.2497199999999999e+00   1.2529999999999999e+01   0.0000000000000000e+00 #xyz tv1
           1.2500000000000000e+00   1.2529999999999999e+01   0.0000000000000000e+00 #xyz tv2
           6.2041530864197525e-01   1.1480617283950616e+01   0.0000000000000000e+00 -1 346 #xyz tv3 fid bid
           1.2497199999999999e+00   1.2529999999999999e+01   0.0000000000000000e+00 #xyz tv0
           1.2500000000000000e+00   1.2529999999999999e+01   0.0000000000000000e+00 #xyz tv1
           1.0810173479365237e+00   1.3154930462756221e+01   6.6167887389669811e-01 #xyz tv2
           1.2497199999999999e+00   1.3068633422851562e+01   0.0000000000000000e+00 -1 346 #xyz tv3 fid bid
           6.8164875803109781e-01   1.1516966846512192e+01  -3.0000000000000004e-01 #xyz tv0
           1.2500000000000000e+00   1.2529999999999999e+01   0.0000000000000000e+00 #xyz tv1
           1.2497199999999999e+00   1.2529999999999999e+01   0.0000000000000000e+00 #xyz tv2
           1.1656255464302991e+00   1.2615682402953039e+01  -8.0000000000000004e-01 -1 346 #xyz tv3 fid bid
           1.2500000000000000e+00   1.2529999999999999e+01   0.0000000000000000e+00 #xyz tv0
           1.1656255464302991e+00   1.2615682402953039e+01  -8.0000000000000004e-01 #xyz tv1
           1.2497199999999999e+00   1.3068633422851562e+01   0.0000000000000000e+00 #xyz tv2
           1.2497199999999999e+00   1.2529999999999999e+01   0.0000000000000000e+00 -1 346 #xyz tv3 fid bid
           6.2041530864197525e-01   1.1480617283950616e+01   0.0000000000000000e+00 #xyz tv0
           1.2500000000000000e+00   1.2529999999999999e+01   0.0000000000000000e+00 #xyz tv1
           1.2497199999999999e+00   1.2529999999999999e+01   0.0000000000000000e+00 248 -1 #xyz tv2 fid bid
           6.2041530864197525e-01   1.1480617283950616e+01   0.0000000000000000e+00 #xyz tv0
           1.2500000000000000e+00   1.2529999999999999e+01   0.0000000000000000e+00 #xyz tv1
           1.2497199999999999e+00   1.2529999999999999e+01   0.0000000000000000e+00 58 -1 #xyz tv2 fid bid
           1.2497199999999999e+00   1.3068633422851562e+01   0.0000000000000000e+00 #xyz tv0
           1.2497199999999999e+00   1.2529999999999999e+01   0.0000000000000000e+00 #xyz tv1
           1.2500000000000000e+00   1.2529999999999999e+01   0.0000000000000000e+00 248 -1 #xyz tv2 fid bid
           1.2500000000000000e+00   1.2529999999999999e+01   0.0000000000000000e+00 #xyz ev0
           1.2497199999999999e+00   1.2529999999999999e+01   0.0000000000000000e+00 -1 346 #xyz ev1 fid bid
   0   0.000000000000e+00   0.000000000000e+00   0.000000000000e+00 #flag location
END_ERR 
G3dErrFileVersion 2018P3.1
FlagFileMetaData Begin
   Mesh Size - Setup1, Refinement, Pass #7, Freq. 5.000000e+09 :Title    
   Listing of mesh elements with small segments. :ToolTip  
   hf3d :Author   
   1715756860 :TimeStamp
FlagFileMetaData End
BEGIN_ERR 
26 Small mesh segment detected on body : Region
 Small mesh segment detected on body : Region 
 Segment Statistics - Number of Segments : 1 --- Segment length(s) : 0.000280mm. The cutoff frequency for S-Matrix Only Solve is 10.7068734999973MHz 
3 -1  248  58  # nfids, fids[]
2 346  -1  # nbids, bids[]
      6 3 1 0 #ntets ntri ned npts
           1.2497199999999999e+00   1.2529999999999999e+01   0.0000000000000000e+00 #xyz tv0
           9.1531352004699018e-01   1.2337689928701257e+01   5.2844028638603779e-01 #xyz tv1
           1.3974515706608921e+00   1.3010131729078392e+01   2.0811085518056746e-01 #xyz tv2
           1.2500000000000000e+00   1.2529999999999999e+01   0.0000000000000000e+00 -1 346 #xyz tv3 fid bid
           1.2497199999999999e+00   1.2529999999999999e+01   0.0000000000000000e+00 #xyz tv0
           1.3974515706608921e+00   1.3010131729078392e+01   2.0811085518056746e-01 #xyz tv1
           1.2497199999999999e+00   1.3012660957723856e+01   0.0000000000000000e+00 #xyz tv2
           1.2500000000000000e+00   1.2529999999999999e+01   0.0000000000000000e+00 -1 346 #xyz tv3 fid bid
           9.1531352004699018e-01   1.2337689928701257e+01   5.2844028638603779e-01 #xyz tv0
           6.2041530864197525e-01   1.1480617283950616e+01   0.0000000000000000e+00 #xyz tv1
           1.2500000000000000e+00   1.2529999999999999e+01   0.0000000000000000e+00 #xyz tv2
           1.2497199999999999e+00   1.2529999999999999e+01   0.0000000000000000e+00 -1 346 #xyz tv3 fid bid
           1.2500000000000000e+00   1.2529999999999999e+01   0.0000000000000000e+00 #xyz tv0
           1.1022475444028266e+00   1.2550687571452521e+01  -8.0000000000000004e-01 #xyz tv1
           1.2497199999999999e+00   1.3012660957723856e+01   0.0000000000000000e+00 #xyz tv2
           1.2497199999999999e+00   1.2529999999999999e+01   0.0000000000000000e+00 -1 346 #xyz tv3 fid bid
           6.7398641366050405e-01   1.1574011243589784e+01  -3.2817559523809525e-01 #xyz tv0
           1.2497199999999999e+00   1.2529999999999999e+01   0.0000000000000000e+00 #xyz tv1
           1.2500000000000000e+00   1.2529999999999999e+01   0.0000000000000000e+00 #xyz tv2
           6.2041530864197525e-01   1.1480617283950616e+01   0.0000000000000000e+00 -1 346 #xyz tv3 fid bid
           6.7398641366050405e-01   1.1574011243589784e+01  -3.2817559523809525e-01 #xyz tv0
           1.2500000000000000e+00   1.2529999999999999e+01   0.0000000000000000e+00 #xyz tv1
           1.2497199999999999e+00   1.2529999999999999e+01   0.0000000000000000e+00 #xyz tv2
           1.1022475444028266e+00   1.2550687571452521e+01  -8.0000000000000004e-01 -1 346 #xyz tv3 fid bid
           6.2041530864197525e-01   1.1480617283950616e+01   0.0000000000000000e+00 #xyz tv0
           1.2500000000000000e+00   1.2529999999999999e+01   0.0000000000000000e+00 #xyz tv1
           1.2497199999999999e+00   1.2529999999999999e+01   0.0000000000000000e+00 248 -1 #xyz tv2 fid bid
           6.2041530864197525e-01   1.1480617283950616e+01   0.0000000000000000e+00 #xyz tv0
           1.2500000000000000e+00   1.2529999999999999e+01   0.0000000000000000e+00 #xyz tv1
           1.2497199999999999e+00   1.2529999999999999e+01   0.0000000000000000e+00 58 -1 #xyz tv2 fid bid
           1.2497199999999999e+00   1.3012660957723856e+01   0.0000000000000000e+00 #xyz tv0
           1.2497199999999999e+00   1.2529999999999999e+01   0.0000000000000000e+00 #xyz tv1
           1.2500000000000000e+00   1.2529999999999999e+01   0.0000000000000000e+00 248 -1 #xyz tv2 fid bid
           1.2500000000000000e+00   1.2529999999999999e+01   0.0000000000000000e+00 #xyz ev0
           1.2497199999999999e+00   1.2529999999999999e+01   0.0000000000000000e+00 -1 346 #xyz ev1 fid bid
   0   0.000000000000e+00   0.000000000000e+00   0.000000000000e+00 #flag location
END_ERR 
