G3dErrFileVersion 2018P3.1
FlagFileMetaData Begin
   Mesh Size - Setup1, Refinement, Pass #1, Freq. 8.680000e+08 :Title    
   Listing of mesh elements with small segments. :ToolTip  
   hf3d :Author   
   1715731831 :TimeStamp
FlagFileMetaData End
BEGIN_ERR 
26 Small mesh segment detected on body : RadiatingSurface
 Small mesh segment detected on body : RadiatingSurface 
 Segment Statistics - Number of Segments : 1 --- Segment length(s) : 0.191186mm. The cutoff frequency for S-Matrix Only Solve is 1.2469803217558MHz 
3 -1  33  65  # nfids, fids[]
2 79  -1  # nbids, bids[]
      4 4 1 0 #ntets ntri ned npts
           1.0000000000000000e+01   1.5294874914638001e+00  -5.9999999999999998e-01 #xyz tv0
           1.0000000000000000e+01   1.3383015550308299e+00  -5.9999999999999998e-01 #xyz tv1
           3.4860230140384829e+01  -5.2638443207590475e+00   5.2551063250693653e-01 #xyz tv2
           1.0000000000000000e+01   1.5294874914638001e+00  -8.0000000000000004e-01 -1 79 #xyz tv3 fid bid
           1.0000000000000000e+01   1.5294874914638001e+00  -5.9999999999999998e-01 #xyz tv0
           3.4860230140384829e+01  -5.2638443207590475e+00   5.2551063250693653e-01 #xyz tv1
           1.0000000000000000e+01   1.3383015550308299e+00  -5.9999999999999998e-01 #xyz tv2
           1.0000000000000000e+01   1.5294874914638001e+00  -3.9999999999999986e-01 -1 79 #xyz tv3 fid bid
           1.0000000000000000e+01   1.5294874914638001e+00  -5.9999999999999998e-01 #xyz tv0
           9.3750000000000000e+00   1.5294874914638001e+00   3.1838854291861545e-16 #xyz tv1
           1.0000000000000000e+01   1.3383015550308299e+00  -5.9999999999999998e-01 #xyz tv2
           1.0000000000000000e+01   1.5294874914638001e+00  -8.0000000000000004e-01 -1 79 #xyz tv3 fid bid
           1.0000000000000000e+01   1.5294874914638001e+00  -5.9999999999999998e-01 #xyz tv0
           1.0000000000000000e+01   1.3383015550308299e+00  -5.9999999999999998e-01 #xyz tv1
           9.3750000000000000e+00   1.5294874914638001e+00   3.1838854291861545e-16 #xyz tv2
           1.0000000000000000e+01   1.5294874914638001e+00  -3.9999999999999986e-01 -1 79 #xyz tv3 fid bid
           1.0000000000000000e+01   1.5294874914638001e+00  -5.9999999999999998e-01 #xyz tv0
           1.0000000000000000e+01   1.5294874914638001e+00  -3.9999999999999986e-01 #xyz tv1
           1.0000000000000000e+01   1.3383015550308299e+00  -5.9999999999999998e-01 33 -1 #xyz tv2 fid bid
           1.0000000000000000e+01   1.5294874914638001e+00  -5.9999999999999998e-01 #xyz tv0
           1.0000000000000000e+01   1.5294874914638001e+00  -3.9999999999999986e-01 #xyz tv1
           1.0000000000000000e+01   1.3383015550308299e+00  -5.9999999999999998e-01 65 -1 #xyz tv2 fid bid
           1.0000000000000000e+01   1.5294874914638001e+00  -5.9999999999999998e-01 #xyz tv0
           1.0000000000000000e+01   1.3383015550308299e+00  -5.9999999999999998e-01 #xyz tv1
           1.0000000000000000e+01   1.5294874914638001e+00  -8.0000000000000004e-01 33 -1 #xyz tv2 fid bid
           1.0000000000000000e+01   1.5294874914638001e+00  -5.9999999999999998e-01 #xyz tv0
           1.0000000000000000e+01   1.3383015550308299e+00  -5.9999999999999998e-01 #xyz tv1
           1.0000000000000000e+01   1.5294874914638001e+00  -8.0000000000000004e-01 65 -1 #xyz tv2 fid bid
           1.0000000000000000e+01   1.3383015550308299e+00  -5.9999999999999998e-01 #xyz ev0
           1.0000000000000000e+01   1.5294874914638001e+00  -5.9999999999999998e-01 -1 79 #xyz ev1 fid bid
   0   0.000000000000e+00   0.000000000000e+00   0.000000000000e+00 #flag location
END_ERR 
G3dErrFileVersion 2018P3.1
FlagFileMetaData Begin
   Mesh Size - Setup1, Refinement, Pass #2, Freq. 8.680000e+08 :Title    
   Listing of mesh elements with small segments. :ToolTip  
   hf3d :Author   
   1715731834 :TimeStamp
FlagFileMetaData End
BEGIN_ERR 
26 Small mesh segment detected on body : RadiatingSurface
 Small mesh segment detected on body : RadiatingSurface 
 Segment Statistics - Number of Segments : 1 --- Segment length(s) : 0.095593mm. The cutoff frequency for S-Matrix Only Solve is 1.2469803217558MHz 
1 -1  # nfids, fids[]
1 79  # nbids, bids[]
      4 0 1 0 #ntets ntri ned npts
          -7.8012596060955904e-17   1.1884684285522422e+00  -3.5526643990929707e-01 #xyz tv0
          -1.0986106283196433e+01   1.1844627204650009e+00   1.7277782911783861e+00 #xyz tv1
          -1.0986106283196433e+01   1.2800556886814887e+00   1.6277782911783860e+00 #xyz tv2
          -1.0986106283196433e+01   1.3756486568979760e+00   1.6277782911783860e+00 -1 79 #xyz tv3 fid bid
          -1.0986106283196433e+01   1.3756486568979760e+00   1.6277782911783860e+00 #xyz tv0
          -1.0986106283196433e+01   1.1844627204650009e+00   1.7277782911783861e+00 #xyz tv1
          -1.0986106283196433e+01   1.2800556886814887e+00   1.6277782911783860e+00 #xyz tv2
          -2.1972212566392866e+01   1.9865535680640518e+00   4.0555565823567719e+00 -1 79 #xyz tv3 fid bid
          -7.8012596060955904e-17   1.1884684285522422e+00  -3.5526643990929707e-01 #xyz tv0
          -1.0986106283196433e+01   1.2800556886814887e+00   1.6277782911783860e+00 #xyz tv1
          -7.0608830897992814e+00   6.5224611208395205e+00  -1.7034013224048657e+01 #xyz tv2
          -1.0986106283196433e+01   1.3756486568979760e+00   1.6277782911783860e+00 -1 79 #xyz tv3 fid bid
          -1.0986106283196433e+01   1.2800556886814887e+00   1.6277782911783860e+00 #xyz tv0
          -7.0608830897992814e+00   6.5224611208395205e+00  -1.7034013224048657e+01 #xyz tv1
          -1.0986106283196433e+01   1.3756486568979760e+00   1.6277782911783860e+00 #xyz tv2
          -2.1972212566392866e+01   1.9865535680640518e+00   4.0555565823567719e+00 -1 79 #xyz tv3 fid bid
          -1.0986106283196433e+01   1.3756486568979760e+00   1.6277782911783860e+00 #xyz ev0
          -1.0986106283196433e+01   1.2800556886814887e+00   1.6277782911783860e+00 -1 79 #xyz ev1 fid bid
   0   0.000000000000e+00   0.000000000000e+00   0.000000000000e+00 #flag location
END_ERR 
G3dErrFileVersion 2018P3.1
FlagFileMetaData Begin
   Mesh Size - Setup1, Refinement, Pass #3, Freq. 8.680000e+08 :Title    
   Listing of mesh elements with small segments. :ToolTip  
   hf3d :Author   
   1715731837 :TimeStamp
FlagFileMetaData End
BEGIN_ERR 
26 Small mesh segment detected on body : RadiatingSurface
 Small mesh segment detected on body : RadiatingSurface 
 Segment Statistics - Number of Segments : 1 --- Segment length(s) : 0.095593mm. The cutoff frequency for S-Matrix Only Solve is 1.2469803217558MHz 
1 -1  # nfids, fids[]
1 79  # nbids, bids[]
      7 0 1 0 #ntets ntri ned npts
          -1.0986106283196433e+01   1.3756486568979760e+00   1.6277782911783860e+00 #xyz tv0
          -9.0234946864978571e+00   3.8534619206522605e+00  -7.6531174664351367e+00 #xyz tv1
          -1.2762226135758469e+01   6.1596171354147993e+00  -7.3213689616709434e+00 #xyz tv2
          -1.0986106283196433e+01   1.2800556886814889e+00   1.6277782911783860e+00 -1 79 #xyz tv3 fid bid
          -1.2762226135758469e+01   6.1596171354147993e+00  -7.3213689616709434e+00 #xyz tv0
          -1.0986106283196433e+01   1.3756486568979760e+00   1.6277782911783860e+00 #xyz tv1
          -1.0986106283196433e+01   1.2800556886814889e+00   1.6277782911783860e+00 #xyz tv2
          -2.1972212566392866e+01   1.9865535680640518e+00   4.0555565823567719e+00 -1 79 #xyz tv3 fid bid
          -1.0986106283196433e+01   1.3756486568979760e+00   1.6277782911783860e+00 #xyz tv0
          -9.0234946864978571e+00   3.8534619206522605e+00  -7.6531174664351367e+00 #xyz tv1
          -1.0986106283196433e+01   1.2800556886814889e+00   1.6277782911783860e+00 #xyz tv2
          -8.1523102439478776e-17   1.5294874914638001e+00  -5.0694580078125007e-01 -1 79 #xyz tv3 fid bid
          -1.0986106283196433e+01   1.3756486568979760e+00   1.6277782911783860e+00 #xyz tv0
          -1.0986106283196433e+01   1.1844627204650009e+00   1.7277782911783861e+00 #xyz tv1
          -1.0986106283196433e+01   1.2800556886814889e+00   1.6277782911783860e+00 #xyz tv2
          -2.1972212566392866e+01   1.9865535680640518e+00   4.0555565823567719e+00 -1 79 #xyz tv3 fid bid
          -1.0986106283196433e+01   1.2800556886814889e+00   1.6277782911783860e+00 #xyz tv0
          -8.1523102439478776e-17   1.5294874914638001e+00  -5.0694580078125007e-01 #xyz tv1
          -3.9418340864464420e-17   1.5294874914638001e+00  -2.4512023925781248e-01 #xyz tv2
          -1.0986106283196433e+01   1.3756486568979760e+00   1.6277782911783860e+00 -1 79 #xyz tv3 fid bid
          -1.0986106283196433e+01   1.2800556886814889e+00   1.6277782911783860e+00 #xyz tv0
           1.9259299443872359e-32   1.5294874914638001e+00  -2.1382117680737565e-48 #xyz tv1
          -1.0986106283196433e+01   1.1844627204650009e+00   1.7277782911783861e+00 #xyz tv2
          -1.0986106283196433e+01   1.3756486568979760e+00   1.6277782911783860e+00 -1 79 #xyz tv3 fid bid
          -1.0986106283196433e+01   1.2800556886814889e+00   1.6277782911783860e+00 #xyz tv0
          -3.9418340864464420e-17   1.5294874914638001e+00  -2.4512023925781248e-01 #xyz tv1
           1.9259299443872359e-32   1.5294874914638001e+00  -2.1382117680737565e-48 #xyz tv2
          -1.0986106283196433e+01   1.3756486568979760e+00   1.6277782911783860e+00 -1 79 #xyz tv3 fid bid
          -1.0986106283196433e+01   1.2800556886814889e+00   1.6277782911783860e+00 #xyz ev0
          -1.0986106283196433e+01   1.3756486568979760e+00   1.6277782911783860e+00 -1 79 #xyz ev1 fid bid
   0   0.000000000000e+00   0.000000000000e+00   0.000000000000e+00 #flag location
END_ERR 
G3dErrFileVersion 2018P3.1
FlagFileMetaData Begin
   Mesh Size - Setup1, Refinement, Pass #4, Freq. 8.680000e+08 :Title    
   Listing of mesh elements with small segments. :ToolTip  
   hf3d :Author   
   1715731840 :TimeStamp
FlagFileMetaData End
BEGIN_ERR 
26 Small mesh segment detected on body : RadiatingSurface
 Small mesh segment detected on body : RadiatingSurface 
 Segment Statistics - Number of Segments : 1 --- Segment length(s) : 0.120012mm. The cutoff frequency for S-Matrix Only Solve is 1.2469803217558MHz 
1 -1  # nfids, fids[]
1 79  # nbids, bids[]
      6 0 1 0 #ntets ntri ned npts
          -5.4930531415982164e+00   1.3569751059644006e+00   7.4132902596028682e-01 #xyz tv0
          -2.5818383112525849e+00   2.6045091153929141e+00   1.8979998391614257e+00 #xyz tv1
          -4.5784310312758754e+00   9.4518756516479074e-01   4.0082528185009423e+00 #xyz tv2
          -5.4930531415982164e+00   1.4525680741808880e+00   8.1388914558919301e-01 -1 79 #xyz tv3 fid bid
          -4.5784310312758754e+00   9.4518756516479074e-01   4.0082528185009423e+00 #xyz tv0
          -5.4930531415982164e+00   1.3569751059644006e+00   7.4132902596028682e-01 #xyz tv1
          -5.4930531415982164e+00   1.4525680741808880e+00   8.1388914558919301e-01 #xyz tv2
          -1.0986106283196433e+01   1.1844627204650009e+00   1.7277782911783861e+00 -1 79 #xyz tv3 fid bid
          -5.4930531415982164e+00   1.3569751059644006e+00   7.4132902596028682e-01 #xyz tv0
          -2.4770415543923354e+00   3.2504258293031407e+00  -1.6145628443360929e-01 #xyz tv1
          -2.5818383112525849e+00   2.6045091153929141e+00   1.8979998391614257e+00 #xyz tv2
          -5.4930531415982164e+00   1.4525680741808880e+00   8.1388914558919301e-01 -1 79 #xyz tv3 fid bid
          -1.0986106283196433e+01   1.2800556886814891e+00   1.6277782911783860e+00 #xyz tv0
          -1.0986106283196433e+01   1.1844627204650009e+00   1.7277782911783861e+00 #xyz tv1
          -5.4930531415982164e+00   1.4525680741808880e+00   8.1388914558919301e-01 #xyz tv2
          -5.4930531415982164e+00   1.3569751059644006e+00   7.4132902596028682e-01 -1 79 #xyz tv3 fid bid
          -2.4770415543923354e+00   3.2504258293031407e+00  -1.6145628443360929e-01 #xyz tv0
          -5.4930531415982164e+00   1.3569751059644006e+00   7.4132902596028682e-01 #xyz tv1
          -5.9132580231268559e+00   2.3086740486594017e+00  -3.5456126977212385e-02 #xyz tv2
          -5.4930531415982164e+00   1.4525680741808880e+00   8.1388914558919301e-01 -1 79 #xyz tv3 fid bid
          -1.0986106283196433e+01   1.2800556886814891e+00   1.6277782911783860e+00 #xyz tv0
          -5.4930531415982164e+00   1.4525680741808880e+00   8.1388914558919301e-01 #xyz tv1
          -5.9132580231268559e+00   2.3086740486594017e+00  -3.5456126977212385e-02 #xyz tv2
          -5.4930531415982164e+00   1.3569751059644006e+00   7.4132902596028682e-01 -1 79 #xyz tv3 fid bid
          -5.4930531415982164e+00   1.4525680741808880e+00   8.1388914558919301e-01 #xyz ev0
          -5.4930531415982164e+00   1.3569751059644006e+00   7.4132902596028682e-01 -1 79 #xyz ev1 fid bid
   0   0.000000000000e+00   0.000000000000e+00   0.000000000000e+00 #flag location
END_ERR 
G3dErrFileVersion 2018P3.1
FlagFileMetaData Begin
   Mesh Size - Setup1, Refinement, Pass #5, Freq. 8.680000e+08 :Title    
   Listing of mesh elements with small segments. :ToolTip  
   hf3d :Author   
   1715731843 :TimeStamp
FlagFileMetaData End
BEGIN_ERR 
26 Small mesh segment detected on body : RadiatingSurface
 Small mesh segment detected on body : RadiatingSurface 
 Segment Statistics - Number of Segments : 1 --- Segment length(s) : 0.194869mm. The cutoff frequency for S-Matrix Only Solve is 1.2469803217558MHz 
3 -1  33  65  # nfids, fids[]
2 79  -1  # nbids, bids[]
      5 4 1 0 #ntets ntri ned npts
           1.0693595516172859e+01   2.1377416147044475e+00  -4.2049080635007591e-01 #xyz tv0
           1.0000000000000000e+01   1.3362137877934073e+00  -5.6217781285346236e-01 #xyz tv1
           1.0000000000000000e+01   1.5294874914638001e+00  -5.3729275255172970e-01 #xyz tv2
           1.0000000000000000e+01   1.5294874914638001e+00  -2.7136756543768548e-01 -1 79 #xyz tv3 fid bid
           9.2724609375000036e+00   1.5294874914638001e+00   3.1490616823044312e-16 #xyz tv0
           1.0000000000000000e+01   1.5294874914638001e+00  -5.3729275255172970e-01 #xyz tv1
           1.0000000000000000e+01   1.3362137877934073e+00  -5.6217781285346236e-01 #xyz tv2
           1.0000000000000000e+01   1.5294874914638001e+00  -2.7136756543768548e-01 -1 79 #xyz tv3 fid bid
           1.0000000000000000e+01   1.5294874914638001e+00  -5.3729275255172970e-01 #xyz tv0
           9.4205417056162055e+00   1.2672179683734195e+00  -8.0000000000000004e-01 #xyz tv1
           9.2724609375000036e+00   1.5294874914638001e+00   3.1490616823044312e-16 #xyz tv2
           1.0000000000000000e+01   1.3362137877934073e+00  -5.6217781285346236e-01 -1 79 #xyz tv3 fid bid
           1.0000000000000000e+01   1.5294874914638001e+00  -5.3729275255172970e-01 #xyz tv0
           1.0000000000000000e+01   1.5294874914638001e+00  -8.0000000000000004e-01 #xyz tv1
           9.4205417056162055e+00   1.2672179683734195e+00  -8.0000000000000004e-01 #xyz tv2
           1.0000000000000000e+01   1.3362137877934073e+00  -5.6217781285346236e-01 -1 79 #xyz tv3 fid bid
           1.0000000000000000e+01   1.3362137877934073e+00  -5.6217781285346236e-01 #xyz tv0
           1.0000000000000000e+01   1.5294874914638001e+00  -8.0000000000000004e-01 #xyz tv1
           1.0693595516172859e+01   2.1377416147044475e+00  -4.2049080635007591e-01 #xyz tv2
           1.0000000000000000e+01   1.5294874914638001e+00  -5.3729275255172970e-01 -1 79 #xyz tv3 fid bid
           1.0000000000000000e+01   1.5294874914638001e+00  -5.3729275255172970e-01 #xyz tv0
           1.0000000000000000e+01   1.5294874914638001e+00  -2.7136756543768548e-01 #xyz tv1
           1.0000000000000000e+01   1.3362137877934073e+00  -5.6217781285346236e-01 33 -1 #xyz tv2 fid bid
           1.0000000000000000e+01   1.5294874914638001e+00  -5.3729275255172970e-01 #xyz tv0
           1.0000000000000000e+01   1.5294874914638001e+00  -2.7136756543768548e-01 #xyz tv1
           1.0000000000000000e+01   1.3362137877934073e+00  -5.6217781285346236e-01 65 -1 #xyz tv2 fid bid
           1.0000000000000000e+01   1.5294874914638001e+00  -5.3729275255172970e-01 #xyz tv0
           1.0000000000000000e+01   1.3362137877934073e+00  -5.6217781285346236e-01 #xyz tv1
           1.0000000000000000e+01   1.5294874914638001e+00  -8.0000000000000004e-01 33 -1 #xyz tv2 fid bid
           1.0000000000000000e+01   1.5294874914638001e+00  -5.3729275255172970e-01 #xyz tv0
           1.0000000000000000e+01   1.3362137877934073e+00  -5.6217781285346236e-01 #xyz tv1
           1.0000000000000000e+01   1.5294874914638001e+00  -8.0000000000000004e-01 65 -1 #xyz tv2 fid bid
           1.0000000000000000e+01   1.3362137877934073e+00  -5.6217781285346236e-01 #xyz ev0
           1.0000000000000000e+01   1.5294874914638001e+00  -5.3729275255172970e-01 -1 79 #xyz ev1 fid bid
   0   0.000000000000e+00   0.000000000000e+00   0.000000000000e+00 #flag location
END_ERR 
G3dErrFileVersion 2018P3.1
FlagFileMetaData Begin
   Mesh Size - Setup1, Refinement, Pass #6, Freq. 8.680000e+08 :Title    
   Listing of mesh elements with small segments. :ToolTip  
   hf3d :Author   
   1715731847 :TimeStamp
FlagFileMetaData End
BEGIN_ERR 
26 Small mesh segment detected on body : RadiatingSurface
 Small mesh segment detected on body : RadiatingSurface 
 Segment Statistics - Number of Segments : 1 --- Segment length(s) : 0.195250mm. The cutoff frequency for S-Matrix Only Solve is 1.2469803217558MHz 
3 -1  33  65  # nfids, fids[]
2 79  -1  # nbids, bids[]
      5 4 1 0 #ntets ntri ned npts
           1.0000000000000000e+01   1.5294874914638001e+00  -5.3446622381982700e-01 #xyz tv0
           1.0745214599375931e+01   1.2416299787333749e+00  -3.5193787647879343e-01 #xyz tv1
           1.0000000000000000e+01   1.5294874914638001e+00  -8.0000000000000004e-01 #xyz tv2
           1.0000000000000000e+01   1.3362137877934073e+00  -5.6217781285346236e-01 -1 79 #xyz tv3 fid bid
           1.0000000000000000e+01   1.5294874914638001e+00  -5.3446622381982700e-01 #xyz tv0
           1.0000000000000000e+01   1.5294874914638001e+00  -8.0000000000000004e-01 #xyz tv1
           9.4817172215876582e+00   1.1872107785692481e+00  -8.0000000000000004e-01 #xyz tv2
           1.0000000000000000e+01   1.3362137877934073e+00  -5.6217781285346236e-01 -1 79 #xyz tv3 fid bid
           1.0000000000000000e+01   1.5294874914638001e+00  -5.3446622381982700e-01 #xyz tv0
           1.0000000000000000e+01   1.5294874914638001e+00  -2.6835380466020220e-01 #xyz tv1
           1.0745214599375931e+01   1.2416299787333749e+00  -3.5193787647879343e-01 #xyz tv2
           1.0000000000000000e+01   1.3362137877934073e+00  -5.6217781285346236e-01 -1 79 #xyz tv3 fid bid
           1.0000000000000000e+01   1.5294874914638001e+00  -5.3446622381982700e-01 #xyz tv0
           9.4817172215876582e+00   1.1872107785692481e+00  -8.0000000000000004e-01 #xyz tv1
           9.5435474860045346e+00   1.1753572966787607e+00  -4.1508104343064250e-01 #xyz tv2
           1.0000000000000000e+01   1.3362137877934073e+00  -5.6217781285346236e-01 -1 79 #xyz tv3 fid bid
           1.0000000000000000e+01   1.5294874914638001e+00  -2.6835380466020220e-01 #xyz tv0
           1.0000000000000000e+01   1.5294874914638001e+00  -5.3446622381982700e-01 #xyz tv1
           9.5435474860045346e+00   1.1753572966787607e+00  -4.1508104343064250e-01 #xyz tv2
           1.0000000000000000e+01   1.3362137877934073e+00  -5.6217781285346236e-01 -1 79 #xyz tv3 fid bid
           1.0000000000000000e+01   1.5294874914638001e+00  -5.3446622381982700e-01 #xyz tv0
           1.0000000000000000e+01   1.5294874914638001e+00  -2.6835380466020220e-01 #xyz tv1
           1.0000000000000000e+01   1.3362137877934073e+00  -5.6217781285346236e-01 33 -1 #xyz tv2 fid bid
           1.0000000000000000e+01   1.5294874914638001e+00  -5.3446622381982700e-01 #xyz tv0
           1.0000000000000000e+01   1.5294874914638001e+00  -2.6835380466020220e-01 #xyz tv1
           1.0000000000000000e+01   1.3362137877934073e+00  -5.6217781285346236e-01 65 -1 #xyz tv2 fid bid
           1.0000000000000000e+01   1.5294874914638001e+00  -5.3446622381982700e-01 #xyz tv0
           1.0000000000000000e+01   1.3362137877934073e+00  -5.6217781285346236e-01 #xyz tv1
           1.0000000000000000e+01   1.5294874914638001e+00  -8.0000000000000004e-01 33 -1 #xyz tv2 fid bid
           1.0000000000000000e+01   1.5294874914638001e+00  -5.3446622381982700e-01 #xyz tv0
           1.0000000000000000e+01   1.3362137877934073e+00  -5.6217781285346236e-01 #xyz tv1
           1.0000000000000000e+01   1.5294874914638001e+00  -8.0000000000000004e-01 65 -1 #xyz tv2 fid bid
           1.0000000000000000e+01   1.3362137877934073e+00  -5.6217781285346236e-01 #xyz ev0
           1.0000000000000000e+01   1.5294874914638001e+00  -5.3446622381982700e-01 -1 79 #xyz ev1 fid bid
   0   0.000000000000e+00   0.000000000000e+00   0.000000000000e+00 #flag location
END_ERR 
G3dErrFileVersion 2018P3.1
FlagFileMetaData Begin
   Mesh Size - Setup1, Refinement, Pass #1, Freq. 8.680000e+08 :Title    
   Listing of mesh elements with small segments. :ToolTip  
   hf3d :Author   
   1715731984 :TimeStamp
FlagFileMetaData End
BEGIN_ERR 
26 Small mesh segment detected on body : RadiatingSurface
 Small mesh segment detected on body : RadiatingSurface 
 Segment Statistics - Number of Segments : 1 --- Segment length(s) : 0.191186mm. The cutoff frequency for S-Matrix Only Solve is 1.17374764792062MHz 
3 -1  33  65  # nfids, fids[]
2 79  -1  # nbids, bids[]
      4 4 1 0 #ntets ntri ned npts
           2.5000000000000000e+01   1.5294874914638001e+00  -5.9999999999999998e-01 #xyz tv0
           2.5000000000000000e+01   1.3383015550308299e+00  -5.9999999999999998e-01 #xyz tv1
           4.5909957600256220e+01   6.6232955844466890e-01   7.2922055646937789e-01 #xyz tv2
           2.5000000000000000e+01   1.5294874914638001e+00  -8.0000000000000004e-01 -1 79 #xyz tv3 fid bid
           2.5000000000000000e+01   1.5294874914638001e+00  -5.9999999999999998e-01 #xyz tv0
           4.5909957600256220e+01   6.6232955844466890e-01   7.2922055646937789e-01 #xyz tv1
           2.5000000000000000e+01   1.3383015550308299e+00  -5.9999999999999998e-01 #xyz tv2
           2.5000000000000000e+01   1.5294874914638001e+00  -3.9999999999999986e-01 -1 79 #xyz tv3 fid bid
           2.5000000000000000e+01   1.5294874914638001e+00  -5.9999999999999998e-01 #xyz tv0
           2.3437500000000000e+01   1.5294874914638001e+00   3.1838854291861545e-16 #xyz tv1
           2.5000000000000000e+01   1.3383015550308299e+00  -5.9999999999999998e-01 #xyz tv2
           2.5000000000000000e+01   1.5294874914638001e+00  -8.0000000000000004e-01 -1 79 #xyz tv3 fid bid
           2.5000000000000000e+01   1.5294874914638001e+00  -5.9999999999999998e-01 #xyz tv0
           2.5000000000000000e+01   1.3383015550308299e+00  -5.9999999999999998e-01 #xyz tv1
           2.3437500000000000e+01   1.5294874914638001e+00   3.1838854291861545e-16 #xyz tv2
           2.5000000000000000e+01   1.5294874914638001e+00  -3.9999999999999986e-01 -1 79 #xyz tv3 fid bid
           2.5000000000000000e+01   1.5294874914638001e+00  -5.9999999999999998e-01 #xyz tv0
           2.5000000000000000e+01   1.5294874914638001e+00  -3.9999999999999986e-01 #xyz tv1
           2.5000000000000000e+01   1.3383015550308299e+00  -5.9999999999999998e-01 33 -1 #xyz tv2 fid bid
           2.5000000000000000e+01   1.5294874914638001e+00  -5.9999999999999998e-01 #xyz tv0
           2.5000000000000000e+01   1.5294874914638001e+00  -3.9999999999999986e-01 #xyz tv1
           2.5000000000000000e+01   1.3383015550308299e+00  -5.9999999999999998e-01 65 -1 #xyz tv2 fid bid
           2.5000000000000000e+01   1.5294874914638001e+00  -5.9999999999999998e-01 #xyz tv0
           2.5000000000000000e+01   1.3383015550308299e+00  -5.9999999999999998e-01 #xyz tv1
           2.5000000000000000e+01   1.5294874914638001e+00  -8.0000000000000004e-01 33 -1 #xyz tv2 fid bid
           2.5000000000000000e+01   1.5294874914638001e+00  -5.9999999999999998e-01 #xyz tv0
           2.5000000000000000e+01   1.3383015550308299e+00  -5.9999999999999998e-01 #xyz tv1
           2.5000000000000000e+01   1.5294874914638001e+00  -8.0000000000000004e-01 65 -1 #xyz tv2 fid bid
           2.5000000000000000e+01   1.3383015550308299e+00  -5.9999999999999998e-01 #xyz ev0
           2.5000000000000000e+01   1.5294874914638001e+00  -5.9999999999999998e-01 -1 79 #xyz ev1 fid bid
   0   0.000000000000e+00   0.000000000000e+00   0.000000000000e+00 #flag location
END_ERR 
G3dErrFileVersion 2018P3.1
FlagFileMetaData Begin
   Mesh Size - Setup1, Refinement, Pass #2, Freq. 8.680000e+08 :Title    
   Listing of mesh elements with small segments. :ToolTip  
   hf3d :Author   
   1715731987 :TimeStamp
FlagFileMetaData End
BEGIN_ERR 
26 Small mesh segment detected on body : RadiatingSurface
 Small mesh segment detected on body : RadiatingSurface 
 Segment Statistics - Number of Segments : 1 --- Segment length(s) : 0.191186mm. The cutoff frequency for S-Matrix Only Solve is 1.17374764792062MHz 
4 -1  29  33  65  # nfids, fids[]
2 79  -1  # nbids, bids[]
      6 3 1 0 #ntets ntri ned npts
           1.8750000000000000e+01  -1.2132210953505373e+00  -8.0000000000000004e-01 #xyz tv0
           1.9104687321913524e+01   4.5728283110107415e-01  -3.3189383594078791e+01 #xyz tv1
           2.5000000000000000e+01   3.8237187286595020e-01  -8.0000000000000004e-01 #xyz tv2
           2.5000000000000000e+01   5.7355780929892519e-01  -8.0000000000000004e-01 -1 79 #xyz tv3 fid bid
           1.9104687321913524e+01   4.5728283110107415e-01  -3.3189383594078791e+01 #xyz tv0
           4.2153027110573355e+01   1.9041653645821526e+00  -3.8409688333234413e+01 #xyz tv1
           2.5000000000000000e+01   3.8237187286595020e-01  -8.0000000000000004e-01 #xyz tv2
           2.5000000000000000e+01   5.7355780929892519e-01  -8.0000000000000004e-01 -1 79 #xyz tv3 fid bid
           1.8750000000000000e+01   8.0182941302765869e-49  -8.4903611444964125e-17 #xyz tv0
           2.5000000000000000e+01   5.7355780929892519e-01  -8.0000000000000004e-01 #xyz tv1
           1.8750000000000000e+01  -1.2132210953505373e+00  -8.0000000000000004e-01 #xyz tv2
           2.5000000000000000e+01   3.8237187286595020e-01  -8.0000000000000004e-01 -1 79 #xyz tv3 fid bid
           4.2153027110573355e+01   1.9041653645821526e+00  -3.8409688333234413e+01 #xyz tv0
           2.5000000000000000e+01   5.7355780929892519e-01  -8.0000000000000004e-01 #xyz tv1
           3.5454978800128110e+01   3.3116477922233456e-01  -3.5389721765311077e-02 #xyz tv2
           2.5000000000000000e+01   3.8237187286595020e-01  -8.0000000000000004e-01 -1 79 #xyz tv3 fid bid
           1.8750000000000000e+01   8.0182941302765869e-49  -8.4903611444964125e-17 #xyz tv0
           2.5000000000000000e+01   3.8237187286595015e-01  -6.0000000000000009e-01 #xyz tv1
           2.5000000000000000e+01   5.7355780929892519e-01  -8.0000000000000004e-01 #xyz tv2
           2.5000000000000000e+01   3.8237187286595020e-01  -8.0000000000000004e-01 -1 79 #xyz tv3 fid bid
           2.5000000000000000e+01   5.7355780929892519e-01  -8.0000000000000004e-01 #xyz tv0
           2.5000000000000000e+01   3.8237187286595015e-01  -6.0000000000000009e-01 #xyz tv1
           3.5454978800128110e+01   3.3116477922233456e-01  -3.5389721765311077e-02 #xyz tv2
           2.5000000000000000e+01   3.8237187286595020e-01  -8.0000000000000004e-01 -1 79 #xyz tv3 fid bid
           1.8750000000000000e+01  -1.2132210953505373e+00  -8.0000000000000004e-01 #xyz tv0
           2.5000000000000000e+01   5.7355780929892519e-01  -8.0000000000000004e-01 #xyz tv1
           2.5000000000000000e+01   3.8237187286595020e-01  -8.0000000000000004e-01 29 -1 #xyz tv2 fid bid
           2.5000000000000000e+01   5.7355780929892519e-01  -8.0000000000000004e-01 #xyz tv0
           2.5000000000000000e+01   3.8237187286595015e-01  -6.0000000000000009e-01 #xyz tv1
           2.5000000000000000e+01   3.8237187286595020e-01  -8.0000000000000004e-01 33 -1 #xyz tv2 fid bid
           2.5000000000000000e+01   5.7355780929892519e-01  -8.0000000000000004e-01 #xyz tv0
           2.5000000000000000e+01   3.8237187286595015e-01  -6.0000000000000009e-01 #xyz tv1
           2.5000000000000000e+01   3.8237187286595020e-01  -8.0000000000000004e-01 65 -1 #xyz tv2 fid bid
           2.5000000000000000e+01   5.7355780929892519e-01  -8.0000000000000004e-01 #xyz ev0
           2.5000000000000000e+01   3.8237187286595020e-01  -8.0000000000000004e-01 -1 79 #xyz ev1 fid bid
   0   0.000000000000e+00   0.000000000000e+00   0.000000000000e+00 #flag location
END_ERR 
G3dErrFileVersion 2018P3.1
FlagFileMetaData Begin
   Mesh Size - Setup1, Refinement, Pass #3, Freq. 8.680000e+08 :Title    
   Listing of mesh elements with small segments. :ToolTip  
   hf3d :Author   
   1715731990 :TimeStamp
FlagFileMetaData End
BEGIN_ERR 
26 Small mesh segment detected on body : RadiatingSurface
 Small mesh segment detected on body : RadiatingSurface 
 Segment Statistics - Number of Segments : 1 --- Segment length(s) : 0.193748mm. The cutoff frequency for S-Matrix Only Solve is 1.17374764792062MHz 
3 -1  33  65  # nfids, fids[]
2 79  -1  # nbids, bids[]
      5 4 1 0 #ntets ntri ned npts
           2.5000000000000000e+01   1.3381345769147319e+00  -5.8986817011063875e-01 #xyz tv0
           2.5000000000000000e+01   1.5294874914638001e+00  -5.5949707031249996e-01 #xyz tv1
           3.1036093631723553e+01   1.1601611030781065e+00  -1.5574246508717933e+00 #xyz tv2
           4.6990670250661537e+01   1.4669814664948269e+00   1.3080406156388569e+00 -1 79 #xyz tv3 fid bid
           2.5000000000000000e+01   1.3381345769147319e+00  -5.8986817011063875e-01 #xyz tv0
           3.1036093631723553e+01   1.1601611030781065e+00  -1.5574246508717933e+00 #xyz tv1
           2.5000000000000000e+01   1.5294874914638001e+00  -5.5949707031249996e-01 #xyz tv2
           2.5000000000000000e+01   1.5294874914638001e+00  -8.0000000000000004e-01 -1 79 #xyz tv3 fid bid
           2.5000000000000000e+01   1.5294874914638001e+00  -5.5949707031249996e-01 #xyz tv0
           4.6990670250661537e+01   1.4669814664948269e+00   1.3080406156388569e+00 #xyz tv1
           2.5000000000000000e+01   1.3381345769147319e+00  -5.8986817011063875e-01 #xyz tv2
           2.5000000000000000e+01   1.5294874914638001e+00  -3.0283203124999980e-01 -1 79 #xyz tv3 fid bid
           2.5000000000000000e+01   1.5294874914638001e+00  -5.5949707031249996e-01 #xyz tv0
           2.3437500000000000e+01   1.5294874914638001e+00   3.1838854291861545e-16 #xyz tv1
           2.5000000000000000e+01   1.3381345769147319e+00  -5.8986817011063875e-01 #xyz tv2
           2.5000000000000000e+01   1.5294874914638001e+00  -8.0000000000000004e-01 -1 79 #xyz tv3 fid bid
           2.5000000000000000e+01   1.5294874914638001e+00  -5.5949707031249996e-01 #xyz tv0
           2.5000000000000000e+01   1.3381345769147319e+00  -5.8986817011063875e-01 #xyz tv1
           2.3437500000000000e+01   1.5294874914638001e+00   3.1838854291861545e-16 #xyz tv2
           2.5000000000000000e+01   1.5294874914638001e+00  -3.0283203124999980e-01 -1 79 #xyz tv3 fid bid
           2.5000000000000000e+01   1.5294874914638001e+00  -5.5949707031249996e-01 #xyz tv0
           2.5000000000000000e+01   1.5294874914638001e+00  -3.0283203124999980e-01 #xyz tv1
           2.5000000000000000e+01   1.3381345769147319e+00  -5.8986817011063875e-01 33 -1 #xyz tv2 fid bid
           2.5000000000000000e+01   1.5294874914638001e+00  -5.5949707031249996e-01 #xyz tv0
           2.5000000000000000e+01   1.5294874914638001e+00  -3.0283203124999980e-01 #xyz tv1
           2.5000000000000000e+01   1.3381345769147319e+00  -5.8986817011063875e-01 65 -1 #xyz tv2 fid bid
           2.5000000000000000e+01   1.5294874914638001e+00  -5.5949707031249996e-01 #xyz tv0
           2.5000000000000000e+01   1.3381345769147319e+00  -5.8986817011063875e-01 #xyz tv1
           2.5000000000000000e+01   1.5294874914638001e+00  -8.0000000000000004e-01 33 -1 #xyz tv2 fid bid
           2.5000000000000000e+01   1.5294874914638001e+00  -5.5949707031249996e-01 #xyz tv0
           2.5000000000000000e+01   1.3381345769147319e+00  -5.8986817011063875e-01 #xyz tv1
           2.5000000000000000e+01   1.5294874914638001e+00  -8.0000000000000004e-01 65 -1 #xyz tv2 fid bid
           2.5000000000000000e+01   1.3381345769147319e+00  -5.8986817011063875e-01 #xyz ev0
           2.5000000000000000e+01   1.5294874914638001e+00  -5.5949707031249996e-01 -1 79 #xyz ev1 fid bid
   0   0.000000000000e+00   0.000000000000e+00   0.000000000000e+00 #flag location
END_ERR 
G3dErrFileVersion 2018P3.1
FlagFileMetaData Begin
   Mesh Size - Setup1, Refinement, Pass #4, Freq. 8.680000e+08 :Title    
   Listing of mesh elements with small segments. :ToolTip  
   hf3d :Author   
   1715731993 :TimeStamp
FlagFileMetaData End
BEGIN_ERR 
26 Small mesh segment detected on body : RadiatingSurface
 Small mesh segment detected on body : RadiatingSurface 
 Segment Statistics - Number of Segments : 1 --- Segment length(s) : 0.191584mm. The cutoff frequency for S-Matrix Only Solve is 1.17374764792062MHz 
3 -1  33  65  # nfids, fids[]
2 79  -1  # nbids, bids[]
      6 4 1 0 #ntets ntri ned npts
           3.1036093631723553e+01   1.1601611030781065e+00  -1.5574246508717933e+00 #xyz tv0
           2.5000000000000000e+01   1.5294874914638001e+00  -5.5949707031250007e-01 #xyz tv1
           3.5995335125330769e+01   1.1615119825370575e+00   2.5402030781942841e-01 #xyz tv2
           2.5000000000000000e+01   1.3386009645350820e+00  -5.7582683372272747e-01 -1 79 #xyz tv3 fid bid
           2.5000000000000000e+01   1.3386009645350820e+00  -5.7582683372272747e-01 #xyz tv0
           3.1036093631723553e+01   1.1601611030781065e+00  -1.5574246508717933e+00 #xyz tv1
           2.5000000000000000e+01   1.5294874914638001e+00  -5.5949707031250007e-01 #xyz tv2
           2.5000000000000000e+01   1.5294874914638001e+00  -8.0000000000000004e-01 -1 79 #xyz tv3 fid bid
           2.5000000000000000e+01   1.5294874914638001e+00  -5.5949707031250007e-01 #xyz tv0
           3.5995335125330769e+01   1.1158626061133634e+00   6.5402030781942855e-01 #xyz tv1
           3.5995335125330769e+01   1.1615119825370575e+00   2.5402030781942841e-01 #xyz tv2
           2.5000000000000000e+01   1.3386009645350820e+00  -5.7582683372272747e-01 -1 79 #xyz tv3 fid bid
           2.5000000000000000e+01   1.5294874914638001e+00  -5.5949707031250007e-01 #xyz tv0
           2.3106765747070313e+01   1.5294874914638001e+00   3.1389565771825023e-16 #xyz tv1
           2.5000000000000000e+01   1.3386009645350820e+00  -5.7582683372272747e-01 #xyz tv2
           2.5000000000000000e+01   1.5294874914638001e+00  -8.0000000000000004e-01 -1 79 #xyz tv3 fid bid
           2.5000000000000000e+01   1.5294874914638001e+00  -5.5949707031250007e-01 #xyz tv0
           2.5000000000000000e+01   1.5294874914638001e+00  -2.8551940917968732e-01 #xyz tv1
           3.5995335125330769e+01   1.1158626061133634e+00   6.5402030781942855e-01 #xyz tv2
           2.5000000000000000e+01   1.3386009645350820e+00  -5.7582683372272747e-01 -1 79 #xyz tv3 fid bid
           2.5000000000000000e+01   1.5294874914638001e+00  -5.5949707031250007e-01 #xyz tv0
           2.5000000000000000e+01   1.3386009645350820e+00  -5.7582683372272747e-01 #xyz tv1
           2.3106765747070313e+01   1.5294874914638001e+00   3.1389565771825023e-16 #xyz tv2
           2.5000000000000000e+01   1.5294874914638001e+00  -2.8551940917968732e-01 -1 79 #xyz tv3 fid bid
           2.5000000000000000e+01   1.5294874914638001e+00  -5.5949707031250007e-01 #xyz tv0
           2.5000000000000000e+01   1.5294874914638001e+00  -2.8551940917968732e-01 #xyz tv1
           2.5000000000000000e+01   1.3386009645350820e+00  -5.7582683372272747e-01 33 -1 #xyz tv2 fid bid
           2.5000000000000000e+01   1.5294874914638001e+00  -5.5949707031250007e-01 #xyz tv0
           2.5000000000000000e+01   1.5294874914638001e+00  -2.8551940917968732e-01 #xyz tv1
           2.5000000000000000e+01   1.3386009645350820e+00  -5.7582683372272747e-01 65 -1 #xyz tv2 fid bid
           2.5000000000000000e+01   1.5294874914638001e+00  -5.5949707031250007e-01 #xyz tv0
           2.5000000000000000e+01   1.3386009645350820e+00  -5.7582683372272747e-01 #xyz tv1
           2.5000000000000000e+01   1.5294874914638001e+00  -8.0000000000000004e-01 33 -1 #xyz tv2 fid bid
           2.5000000000000000e+01   1.5294874914638001e+00  -5.5949707031250007e-01 #xyz tv0
           2.5000000000000000e+01   1.3386009645350820e+00  -5.7582683372272747e-01 #xyz tv1
           2.5000000000000000e+01   1.5294874914638001e+00  -8.0000000000000004e-01 65 -1 #xyz tv2 fid bid
           2.5000000000000000e+01   1.3386009645350820e+00  -5.7582683372272747e-01 #xyz ev0
           2.5000000000000000e+01   1.5294874914638001e+00  -5.5949707031250007e-01 -1 79 #xyz ev1 fid bid
   0   0.000000000000e+00   0.000000000000e+00   0.000000000000e+00 #flag location
END_ERR 
G3dErrFileVersion 2018P3.1
FlagFileMetaData Begin
   Mesh Size - Setup1, Refinement, Pass #5, Freq. 8.680000e+08 :Title    
   Listing of mesh elements with small segments. :ToolTip  
   hf3d :Author   
   1715731996 :TimeStamp
FlagFileMetaData End
BEGIN_ERR 
26 Small mesh segment detected on body : RadiatingSurface
 Small mesh segment detected on body : RadiatingSurface 
 Segment Statistics - Number of Segments : 1 --- Segment length(s) : 0.192171mm. The cutoff frequency for S-Matrix Only Solve is 1.17374764792062MHz 
3 -1  33  65  # nfids, fids[]
2 79  -1  # nbids, bids[]
      4 4 1 0 #ntets ntri ned npts
           2.5000000000000000e+01   1.3391912540831497e+00  -5.7171115145301798e-01 #xyz tv0
           2.5000000000000000e+01   1.5294874914638001e+00  -8.0000000000000004e-01 #xyz tv1
           2.6894257550088476e+01   3.5389882793299661e+00  -1.8217142845551806e-01 #xyz tv2
           2.5000000000000000e+01   1.5294874914638001e+00  -5.4493319988250732e-01 -1 79 #xyz tv3 fid bid
           2.5000000000000000e+01   1.5294874914638001e+00  -5.4493319988250732e-01 #xyz tv0
           2.6894257550088476e+01   3.5389882793299661e+00  -1.8217142845551806e-01 #xyz tv1
           2.5000000000000000e+01   1.3391912540831497e+00  -5.7171115145301798e-01 #xyz tv2
           2.5000000000000000e+01   1.5294874914638001e+00  -2.7891874313354487e-01 -1 79 #xyz tv3 fid bid
           2.5000000000000000e+01   1.5294874914638001e+00  -8.0000000000000004e-01 #xyz tv0
           2.4185590647233390e+01   9.2650459684968367e-01  -3.0095557229482300e-01 #xyz tv1
           2.5000000000000000e+01   1.5294874914638001e+00  -5.4493319988250732e-01 #xyz tv2
           2.5000000000000000e+01   1.3391912540831497e+00  -5.7171115145301798e-01 -1 79 #xyz tv3 fid bid
           2.5000000000000000e+01   1.5294874914638001e+00  -5.4493319988250732e-01 #xyz tv0
           2.4185590647233390e+01   9.2650459684968367e-01  -3.0095557229482300e-01 #xyz tv1
           2.5000000000000000e+01   1.5294874914638001e+00  -2.7891874313354487e-01 #xyz tv2
           2.5000000000000000e+01   1.3391912540831497e+00  -5.7171115145301798e-01 -1 79 #xyz tv3 fid bid
           2.5000000000000000e+01   1.5294874914638001e+00  -5.4493319988250732e-01 #xyz tv0
           2.5000000000000000e+01   1.5294874914638001e+00  -2.7891874313354487e-01 #xyz tv1
           2.5000000000000000e+01   1.3391912540831497e+00  -5.7171115145301798e-01 33 -1 #xyz tv2 fid bid
           2.5000000000000000e+01   1.5294874914638001e+00  -5.4493319988250732e-01 #xyz tv0
           2.5000000000000000e+01   1.5294874914638001e+00  -2.7891874313354487e-01 #xyz tv1
           2.5000000000000000e+01   1.3391912540831497e+00  -5.7171115145301798e-01 65 -1 #xyz tv2 fid bid
           2.5000000000000000e+01   1.5294874914638001e+00  -5.4493319988250732e-01 #xyz tv0
           2.5000000000000000e+01   1.3391912540831497e+00  -5.7171115145301798e-01 #xyz tv1
