G3dErrFileVersion 2018P3.1
FlagFileMetaData Begin
   Mesh Size - Setup1, Refinement, Pass #1, Freq. 8.680000e+08 :Title    
   Listing of mesh elements with small segments. :ToolTip  
   hf3d :Author   
   1716116165 :TimeStamp
FlagFileMetaData End
BEGIN_ERR 
26 Small mesh segment detected on body : Box1
 Small mesh segment detected on body : Box1 
 Segment Statistics - Number of Segments : 1 --- Segment length(s) : 0.207510mm. The cutoff frequency for S-Matrix Only Solve is 4.22108038271164MHz 
3 -1  22  116  # nfids, fids[]
2 18  -1  # nbids, bids[]
      5 4 1 0 #ntets ntri ned npts
          -1.7755670990527875e+01   2.3898242054121874e-01  -8.0000000000000004e-01 #xyz tv0
           0.0000000000000000e+00   0.0000000000000000e+00  -4.0000000000000024e-01 #xyz tv1
          -2.3674227987370500e+01   6.2135429340716875e-01  -6.5000000000000013e-01 #xyz tv2
          -2.3674227987370500e+01   7.6474374573189996e-01  -8.0000000000000004e-01 -1 18 #xyz tv3 fid bid
          -1.7755670990527875e+01   2.3898242054121874e-01  -8.0000000000000004e-01 #xyz tv0
          -2.3674227987370500e+01   6.2135429340716875e-01  -6.5000000000000013e-01 #xyz tv1
          -2.3674227987370500e+01   3.8237187286594998e-01  -8.0000000000000004e-01 #xyz tv2
          -2.3674227987370500e+01   7.6474374573189996e-01  -8.0000000000000004e-01 -1 18 #xyz tv3 fid bid
          -2.3674227987370500e+01   6.2135429340716875e-01  -6.5000000000000013e-01 #xyz tv0
          -2.7259144112119035e+01   3.8475968230716723e-02  -4.1829437424872384e-01 #xyz tv1
          -2.3674227987370500e+01   3.8237187286594998e-01  -8.0000000000000004e-01 #xyz tv2
          -2.3674227987370500e+01   7.6474374573189996e-01  -8.0000000000000004e-01 -1 18 #xyz tv3 fid bid
          -2.3674227987370500e+01   6.2135429340716875e-01  -6.5000000000000013e-01 #xyz tv0
           0.0000000000000000e+00   0.0000000000000000e+00  -4.0000000000000024e-01 #xyz tv1
          -2.3674227987370500e+01   7.6474374573189996e-01  -4.0000000000000002e-01 #xyz tv2
          -2.3674227987370500e+01   7.6474374573189996e-01  -8.0000000000000004e-01 -1 18 #xyz tv3 fid bid
          -2.3674227987370500e+01   6.2135429340716875e-01  -6.5000000000000013e-01 #xyz tv0
          -2.3674227987370500e+01   7.6474374573189996e-01  -4.0000000000000002e-01 #xyz tv1
          -2.7259144112119035e+01   3.8475968230716723e-02  -4.1829437424872384e-01 #xyz tv2
          -2.3674227987370500e+01   7.6474374573189996e-01  -8.0000000000000004e-01 -1 18 #xyz tv3 fid bid
          -2.3674227987370500e+01   6.2135429340716875e-01  -6.5000000000000013e-01 #xyz tv0
          -2.3674227987370500e+01   7.6474374573189996e-01  -4.0000000000000002e-01 #xyz tv1
          -2.3674227987370500e+01   7.6474374573189996e-01  -8.0000000000000004e-01 22 -1 #xyz tv2 fid bid
          -2.3674227987370500e+01   6.2135429340716875e-01  -6.5000000000000013e-01 #xyz tv0
          -2.3674227987370500e+01   7.6474374573189996e-01  -4.0000000000000002e-01 #xyz tv1
          -2.3674227987370500e+01   7.6474374573189996e-01  -8.0000000000000004e-01 116 -1 #xyz tv2 fid bid
          -2.3674227987370500e+01   6.2135429340716875e-01  -6.5000000000000013e-01 #xyz tv0
          -2.3674227987370500e+01   7.6474374573189996e-01  -8.0000000000000004e-01 #xyz tv1
          -2.3674227987370500e+01   3.8237187286594998e-01  -8.0000000000000004e-01 22 -1 #xyz tv2 fid bid
          -2.3674227987370500e+01   6.2135429340716875e-01  -6.5000000000000013e-01 #xyz tv0
          -2.3674227987370500e+01   7.6474374573189996e-01  -8.0000000000000004e-01 #xyz tv1
          -2.3674227987370500e+01   3.8237187286594998e-01  -8.0000000000000004e-01 116 -1 #xyz tv2 fid bid
          -2.3674227987370500e+01   7.6474374573189996e-01  -8.0000000000000004e-01 #xyz ev0
          -2.3674227987370500e+01   6.2135429340716875e-01  -6.5000000000000013e-01 -1 18 #xyz ev1 fid bid
   0   0.000000000000e+00   0.000000000000e+00   0.000000000000e+00 #flag location
END_ERR 
G3dErrFileVersion 2018P3.1
FlagFileMetaData Begin
   Mesh Size - Setup1, Refinement, Pass #2, Freq. 8.680000e+08 :Title    
   Listing of mesh elements with small segments. :ToolTip  
   hf3d :Author   
   1716116168 :TimeStamp
FlagFileMetaData End
BEGIN_ERR 
26 Small mesh segment detected on body : Region
 Small mesh segment detected on body : Region 
 Segment Statistics - Number of Segments : 1 --- Segment length(s) : 0.207145mm. The cutoff frequency for S-Matrix Only Solve is 4.22108038271164MHz 
3 -1  22  116  # nfids, fids[]
2 118  -1  # nbids, bids[]
      5 4 1 0 #ntets ntri ned npts
          -2.3674227987370500e+01   6.1228181262736325e-01  -6.4133230452674905e-01 #xyz tv0
          -2.3674227987370500e+01   3.8237187286594998e-01  -8.0000000000000004e-01 #xyz tv1
          -2.7259144112119035e+01   3.8475968230716723e-02  -4.1829437424872384e-01 #xyz tv2
          -2.3674227987370500e+01   4.6468803994125868e-01  -4.9598765432098774e-01 -1 118 #xyz tv3 fid bid
          -2.3674227987370500e+01   6.1228181262736325e-01  -6.4133230452674905e-01 #xyz tv0
          -2.7259144112119035e+01   3.8475968230716723e-02  -4.1829437424872384e-01 #xyz tv1
          -2.3674227987370500e+01   7.6474374573189996e-01  -4.0000000000000002e-01 #xyz tv2
          -2.3674227987370500e+01   4.6468803994125868e-01  -4.9598765432098774e-01 -1 118 #xyz tv3 fid bid
          -2.3674227987370500e+01   4.6468803994125868e-01  -4.9598765432098774e-01 #xyz tv0
          -2.3674227987370500e+01   3.8237187286594998e-01  -8.0000000000000004e-01 #xyz tv1
          -1.7755670990527875e+01   2.3898242054121874e-01  -8.0000000000000004e-01 #xyz tv2
          -2.3674227987370500e+01   6.1228181262736325e-01  -6.4133230452674905e-01 -1 118 #xyz tv3 fid bid
          -2.3674227987370500e+01   6.1228181262736325e-01  -6.4133230452674905e-01 #xyz tv0
          -2.3674227987370500e+01   7.6474374573189996e-01  -4.0000000000000002e-01 #xyz tv1
           0.0000000000000000e+00   0.0000000000000000e+00  -4.0000000000000024e-01 #xyz tv2
          -2.3674227987370500e+01   4.6468803994125868e-01  -4.9598765432098774e-01 -1 118 #xyz tv3 fid bid
           0.0000000000000000e+00   0.0000000000000000e+00  -4.0000000000000024e-01 #xyz tv0
          -2.3674227987370500e+01   4.6468803994125868e-01  -4.9598765432098774e-01 #xyz tv1
          -1.7755670990527875e+01   2.3898242054121874e-01  -8.0000000000000004e-01 #xyz tv2
          -2.3674227987370500e+01   6.1228181262736325e-01  -6.4133230452674905e-01 -1 118 #xyz tv3 fid bid
          -2.3674227987370500e+01   6.1228181262736325e-01  -6.4133230452674905e-01 #xyz tv0
          -2.3674227987370500e+01   4.6468803994125868e-01  -4.9598765432098774e-01 #xyz tv1
          -2.3674227987370500e+01   7.6474374573189996e-01  -4.0000000000000002e-01 22 -1 #xyz tv2 fid bid
          -2.3674227987370500e+01   6.1228181262736325e-01  -6.4133230452674905e-01 #xyz tv0
          -2.3674227987370500e+01   4.6468803994125868e-01  -4.9598765432098774e-01 #xyz tv1
          -2.3674227987370500e+01   7.6474374573189996e-01  -4.0000000000000002e-01 116 -1 #xyz tv2 fid bid
          -2.3674227987370500e+01   6.1228181262736325e-01  -6.4133230452674905e-01 #xyz tv0
          -2.3674227987370500e+01   3.8237187286594998e-01  -8.0000000000000004e-01 #xyz tv1
          -2.3674227987370500e+01   4.6468803994125868e-01  -4.9598765432098774e-01 22 -1 #xyz tv2 fid bid
          -2.3674227987370500e+01   6.1228181262736325e-01  -6.4133230452674905e-01 #xyz tv0
          -2.3674227987370500e+01   3.8237187286594998e-01  -8.0000000000000004e-01 #xyz tv1
          -2.3674227987370500e+01   4.6468803994125868e-01  -4.9598765432098774e-01 116 -1 #xyz tv2 fid bid
          -2.3674227987370500e+01   6.1228181262736325e-01  -6.4133230452674905e-01 #xyz ev0
          -2.3674227987370500e+01   4.6468803994125868e-01  -4.9598765432098774e-01 -1 118 #xyz ev1 fid bid
   0   0.000000000000e+00   0.000000000000e+00   0.000000000000e+00 #flag location
END_ERR 
G3dErrFileVersion 2018P3.1
FlagFileMetaData Begin
   Mesh Size - Setup1, Refinement, Pass #3, Freq. 8.680000e+08 :Title    
   Listing of mesh elements with small segments. :ToolTip  
   hf3d :Author   
   1716116171 :TimeStamp
FlagFileMetaData End
BEGIN_ERR 
26 Small mesh segment detected on body : Region
 Small mesh segment detected on body : Region 
 Segment Statistics - Number of Segments : 1 --- Segment length(s) : 0.207145mm. The cutoff frequency for S-Matrix Only Solve is 4.22108038271164MHz 
3 -1  22  116  # nfids, fids[]
2 118  -1  # nbids, bids[]
      5 4 1 0 #ntets ntri ned npts
          -2.3674227987370500e+01   6.1228181262736325e-01  -6.4133230452674905e-01 #xyz tv0
          -2.3674227987370500e+01   3.8237187286594998e-01  -8.0000000000000004e-01 #xyz tv1
          -2.6410151079741986e+01   7.4306122718049672e-01  -1.1523384393379171e-01 #xyz tv2
          -2.3674227987370500e+01   4.6468803994125868e-01  -4.9598765432098774e-01 -1 118 #xyz tv3 fid bid
          -2.3674227987370500e+01   6.1228181262736325e-01  -6.4133230452674905e-01 #xyz tv0
          -2.6410151079741986e+01   7.4306122718049672e-01  -1.1523384393379171e-01 #xyz tv1
          -2.3674227987370500e+01   7.6474374573189996e-01  -4.0000000000000002e-01 #xyz tv2
          -2.3674227987370500e+01   4.6468803994125868e-01  -4.9598765432098774e-01 -1 118 #xyz tv3 fid bid
          -2.3674227987370500e+01   4.6468803994125868e-01  -4.9598765432098774e-01 #xyz tv0
          -2.3674227987370500e+01   3.8237187286594998e-01  -8.0000000000000004e-01 #xyz tv1
          -1.9537767771813023e+01  -3.6235998955058574e-01  -8.0000000000000004e-01 #xyz tv2
          -2.3674227987370500e+01   6.1228181262736325e-01  -6.4133230452674905e-01 -1 118 #xyz tv3 fid bid
          -2.3674227987370500e+01   7.6474374573189996e-01  -4.0000000000000002e-01 #xyz tv0
          -2.3674227987370500e+01   4.6468803994125868e-01  -4.9598765432098774e-01 #xyz tv1
          -1.4796392492106563e+01   6.0380482071132295e+00  -8.0000000000000004e-01 #xyz tv2
          -2.3674227987370500e+01   6.1228181262736325e-01  -6.4133230452674905e-01 -1 118 #xyz tv3 fid bid
          -2.3674227987370500e+01   4.6468803994125868e-01  -4.9598765432098774e-01 #xyz tv0
          -1.9537767771813023e+01  -3.6235998955058574e-01  -8.0000000000000004e-01 #xyz tv1
          -1.4796392492106563e+01   6.0380482071132295e+00  -8.0000000000000004e-01 #xyz tv2
          -2.3674227987370500e+01   6.1228181262736325e-01  -6.4133230452674905e-01 -1 118 #xyz tv3 fid bid
          -2.3674227987370500e+01   6.1228181262736325e-01  -6.4133230452674905e-01 #xyz tv0
          -2.3674227987370500e+01   4.6468803994125868e-01  -4.9598765432098774e-01 #xyz tv1
          -2.3674227987370500e+01   7.6474374573189996e-01  -4.0000000000000002e-01 22 -1 #xyz tv2 fid bid
          -2.3674227987370500e+01   6.1228181262736325e-01  -6.4133230452674905e-01 #xyz tv0
          -2.3674227987370500e+01   4.6468803994125868e-01  -4.9598765432098774e-01 #xyz tv1
          -2.3674227987370500e+01   7.6474374573189996e-01  -4.0000000000000002e-01 116 -1 #xyz tv2 fid bid
          -2.3674227987370500e+01   6.1228181262736325e-01  -6.4133230452674905e-01 #xyz tv0
          -2.3674227987370500e+01   3.8237187286594998e-01  -8.0000000000000004e-01 #xyz tv1
          -2.3674227987370500e+01   4.6468803994125868e-01  -4.9598765432098774e-01 22 -1 #xyz tv2 fid bid
          -2.3674227987370500e+01   6.1228181262736325e-01  -6.4133230452674905e-01 #xyz tv0
          -2.3674227987370500e+01   3.8237187286594998e-01  -8.0000000000000004e-01 #xyz tv1
          -2.3674227987370500e+01   4.6468803994125868e-01  -4.9598765432098774e-01 116 -1 #xyz tv2 fid bid
          -2.3674227987370500e+01   6.1228181262736325e-01  -6.4133230452674905e-01 #xyz ev0
          -2.3674227987370500e+01   4.6468803994125868e-01  -4.9598765432098774e-01 -1 118 #xyz ev1 fid bid
   0   0.000000000000e+00   0.000000000000e+00   0.000000000000e+00 #flag location
END_ERR 
G3dErrFileVersion 2018P3.1
FlagFileMetaData Begin
   Mesh Size - Setup1, Refinement, Pass #4, Freq. 8.680000e+08 :Title    
   Listing of mesh elements with small segments. :ToolTip  
   hf3d :Author   
   1716116174 :TimeStamp
FlagFileMetaData End
BEGIN_ERR 
26 Small mesh segment detected on body : Box1
 Small mesh segment detected on body : Box1 
 Segment Statistics - Number of Segments : 1 --- Segment length(s) : 0.200000mm. The cutoff frequency for S-Matrix Only Solve is 4.22108038271164MHz 
1 -1  # nfids, fids[]
1 18  # nbids, bids[]
      4 0 1 0 #ntets ntri ned npts
          -1.7755670990527875e+01   7.6474374573189996e-01  -1.9999999999999996e-01 #xyz tv0
          -1.7755670990527875e+01  -7.6474374573189996e-01  -2.9716264005737439e-16 #xyz tv1
          -1.7755670990527875e+01   7.6474374573189996e-01   4.2451805722482050e-17 #xyz tv2
          -1.1837113993685250e+01   7.6474374573189996e-01   8.4903611444964113e-17 -1 18 #xyz tv3 fid bid
          -1.7755670990527875e+01   7.6474374573189996e-01  -1.9999999999999996e-01 #xyz tv0
          -1.7755670990527875e+01   7.6474374573189996e-01   4.2451805722482050e-17 #xyz tv1
          -1.7755670990527875e+01  -7.6474374573189996e-01  -2.9716264005737439e-16 #xyz tv2
          -2.3674227987370500e+01   7.6474374573189996e-01  -4.0000000000000002e-01 -1 18 #xyz tv3 fid bid
          -1.7755670990527875e+01   7.6474374573189996e-01  -1.9999999999999996e-01 #xyz tv0
          -1.7755670990527875e+01   7.6474374573189996e-01   4.2451805722482050e-17 #xyz tv1
          -1.7933645235318291e+01   5.0354453842644187e+00   2.8546673439913955e-17 #xyz tv2
          -1.1837113993685250e+01   7.6474374573189996e-01   8.4903611444964113e-17 -1 18 #xyz tv3 fid bid
          -1.7755670990527875e+01   7.6474374573189996e-01  -1.9999999999999996e-01 #xyz tv0
          -1.7933645235318291e+01   5.0354453842644187e+00   2.8546673439913955e-17 #xyz tv1
          -1.7755670990527875e+01   7.6474374573189996e-01   4.2451805722482050e-17 #xyz tv2
          -2.3674227987370500e+01   7.6474374573189996e-01  -4.0000000000000002e-01 -1 18 #xyz tv3 fid bid
          -1.7755670990527875e+01   7.6474374573189996e-01   4.2451805722482050e-17 #xyz ev0
          -1.7755670990527875e+01   7.6474374573189996e-01  -1.9999999999999996e-01 -1 18 #xyz ev1 fid bid
   0   0.000000000000e+00   0.000000000000e+00   0.000000000000e+00 #flag location
END_ERR 
G3dErrFileVersion 2018P3.1
FlagFileMetaData Begin
   Mesh Size - Setup1, Refinement, Pass #5, Freq. 8.680000e+08 :Title    
   Listing of mesh elements with small segments. :ToolTip  
   hf3d :Author   
   1716116177 :TimeStamp
FlagFileMetaData End
BEGIN_ERR 
26 Small mesh segment detected on body : Box1
 Small mesh segment detected on body : Box1 
 Segment Statistics - Number of Segments : 1 --- Segment length(s) : 0.200000mm. The cutoff frequency for S-Matrix Only Solve is 4.22108038271164MHz 
1 -1  # nfids, fids[]
1 18  # nbids, bids[]
      6 0 1 0 #ntets ntri ned npts
          -1.1837113993685250e+01   7.6474374573189996e-01   8.4903611444964113e-17 #xyz tv0
          -1.7755670990527875e+01   7.6474374573189996e-01  -1.9999999999999996e-01 #xyz tv1
          -1.4875448663240658e+01   3.0495863643219678e+00   5.2661390127829429e-17 #xyz tv2
          -1.7755670990527875e+01   7.6474374573189996e-01   4.2451805722482050e-17 -1 18 #xyz tv3 fid bid
          -1.7755670990527875e+01   7.6474374573189996e-01  -1.9999999999999996e-01 #xyz tv0
          -1.7933645235318291e+01   5.0354453842644187e+00   2.8546673439913955e-17 #xyz tv1
          -1.4875448663240658e+01   3.0495863643219678e+00   5.2661390127829429e-17 #xyz tv2
          -1.7755670990527875e+01   7.6474374573189996e-01   4.2451805722482050e-17 -1 18 #xyz tv3 fid bid
          -1.7755670990527875e+01   7.6474374573189996e-01  -1.9999999999999996e-01 #xyz tv0
          -1.7755670990527875e+01  -7.6474374573189996e-01  -2.9716264005737439e-16 #xyz tv1
          -1.7755670990527875e+01   7.6474374573189996e-01   4.2451805722482050e-17 #xyz tv2
          -1.1837113993685250e+01   7.6474374573189996e-01   8.4903611444964113e-17 -1 18 #xyz tv3 fid bid
          -1.7755670990527875e+01   7.6474374573189996e-01  -1.9999999999999996e-01 #xyz tv0
          -1.7933645235318291e+01   5.0354453842644187e+00   2.8546673439913955e-17 #xyz tv1
          -1.7755670990527875e+01   7.6474374573189996e-01   4.2451805722482050e-17 #xyz tv2
          -2.3674227987370500e+01   7.6474374573189996e-01  -4.0000000000000002e-01 -1 18 #xyz tv3 fid bid
          -2.3674227987370500e+01   4.6468803994125868e-01  -4.9598765432098774e-01 #xyz tv0
          -1.7755670990527875e+01   7.6474374573189996e-01   4.2451805722482050e-17 #xyz tv1
          -1.7755670990527875e+01   7.6474374573189996e-01  -1.9999999999999996e-01 #xyz tv2
          -1.7755670990527875e+01  -7.6474374573189996e-01  -2.9716264005737439e-16 -1 18 #xyz tv3 fid bid
          -2.3674227987370500e+01   4.6468803994125868e-01  -4.9598765432098774e-01 #xyz tv0
          -1.7755670990527875e+01   7.6474374573189996e-01  -1.9999999999999996e-01 #xyz tv1
          -1.7755670990527875e+01   7.6474374573189996e-01   4.2451805722482050e-17 #xyz tv2
          -2.3674227987370500e+01   7.6474374573189996e-01  -4.0000000000000002e-01 -1 18 #xyz tv3 fid bid
          -1.7755670990527875e+01   7.6474374573189996e-01   4.2451805722482050e-17 #xyz ev0
          -1.7755670990527875e+01   7.6474374573189996e-01  -1.9999999999999996e-01 -1 18 #xyz ev1 fid bid
   0   0.000000000000e+00   0.000000000000e+00   0.000000000000e+00 #flag location
END_ERR 
G3dErrFileVersion 2018P3.1
FlagFileMetaData Begin
   Mesh Size - Setup1, Refinement, Pass #6, Freq. 8.680000e+08 :Title    
   Listing of mesh elements with small segments. :ToolTip  
   hf3d :Author   
   1716116180 :TimeStamp
FlagFileMetaData End
BEGIN_ERR 
26 Small mesh segment detected on body : Box1
 Small mesh segment detected on body : Box1 
 Segment Statistics - Number of Segments : 1 --- Segment length(s) : 0.200000mm. The cutoff frequency for S-Matrix Only Solve is 4.22108038271164MHz 
1 -1  # nfids, fids[]
1 18  # nbids, bids[]
      7 0 1 0 #ntets ntri ned npts
          -1.8030013087635822e+01   5.3694967987458604e+00   2.5913477557029726e-17 #xyz tv0
          -1.7755670990527875e+01   7.6474374573189996e-01   4.2451805722482050e-17 #xyz tv1
          -1.5114432391145858e+01   1.8093508585440685e+00  -8.0000000000000004e-01 #xyz tv2
          -1.7755670990527875e+01   7.6474374573189996e-01  -1.9999999999999996e-01 -1 18 #xyz tv3 fid bid
          -1.7755670990527875e+01   7.6474374573189996e-01   4.2451805722482050e-17 #xyz tv0
          -1.4796392492106563e+01  -7.6474374573189996e-01  -2.7593673719613334e-16 #xyz tv1
          -1.5114432391145858e+01   1.8093508585440685e+00  -8.0000000000000004e-01 #xyz tv2
          -1.7755670990527875e+01   7.6474374573189996e-01  -1.9999999999999996e-01 -1 18 #xyz tv3 fid bid
          -1.7755670990527875e+01   7.6474374573189996e-01   4.2451805722482050e-17 #xyz tv0
          -2.0803936611344398e+01   2.9000945649981595e+00   1.4273336719956975e-17 #xyz tv1
          -1.7755670990527875e+01   7.6474374573189996e-01  -1.9999999999999996e-01 #xyz tv2
          -1.8030013087635822e+01   5.3694967987458604e+00   2.5913477557029726e-17 -1 18 #xyz tv3 fid bid
          -1.7755670990527875e+01   7.6474374573189996e-01   4.2451805722482050e-17 #xyz tv0
          -1.7755670990527875e+01   7.6474374573189996e-01  -1.9999999999999996e-01 #xyz tv1
          -1.7755670990527875e+01  -7.6474374573189996e-01  -2.9716264005737439e-16 #xyz tv2
          -1.4796392492106563e+01  -7.6474374573189996e-01  -2.7593673719613334e-16 -1 18 #xyz tv3 fid bid
          -1.7755670990527875e+01   7.6474374573189996e-01   4.2451805722482050e-17 #xyz tv0
          -1.7755670990527875e+01   7.6474374573189996e-01  -1.9999999999999996e-01 #xyz tv1
          -2.0803936611344398e+01   2.9000945649981595e+00   1.4273336719956975e-17 #xyz tv2
          -2.3674227987370500e+01   7.6474374573189996e-01  -4.0000000000000002e-01 -1 18 #xyz tv3 fid bid
          -1.7755670990527875e+01   7.6474374573189996e-01   4.2451805722482050e-17 #xyz tv0
          -1.7755670990527875e+01  -7.6474374573189996e-01  -2.9716264005737439e-16 #xyz tv1
          -1.7755670990527875e+01   7.6474374573189996e-01  -1.9999999999999996e-01 #xyz tv2
          -2.3674227987370500e+01   4.6468803994125868e-01  -4.9598765432098774e-01 -1 18 #xyz tv3 fid bid
          -2.3674227987370500e+01   4.6468803994125868e-01  -4.9598765432098774e-01 #xyz tv0
          -1.7755670990527875e+01   7.6474374573189996e-01  -1.9999999999999996e-01 #xyz tv1
          -1.7755670990527875e+01   7.6474374573189996e-01   4.2451805722482050e-17 #xyz tv2
          -2.3674227987370500e+01   7.6474374573189996e-01  -4.0000000000000002e-01 -1 18 #xyz tv3 fid bid
          -1.7755670990527875e+01   7.6474374573189996e-01  -1.9999999999999996e-01 #xyz ev0
          -1.7755670990527875e+01   7.6474374573189996e-01   4.2451805722482050e-17 -1 18 #xyz ev1 fid bid
   0   0.000000000000e+00   0.000000000000e+00   0.000000000000e+00 #flag location
END_ERR 
G3dErrFileVersion 2018P3.1
FlagFileMetaData Begin
   Mesh Size - Setup1, Refinement, Pass #7, Freq. 8.680000e+08 :Title    
   Listing of mesh elements with small segments. :ToolTip  
   hf3d :Author   
   1716116183 :TimeStamp
FlagFileMetaData End
BEGIN_ERR 
26 Small mesh segment detected on body : Box1
 Small mesh segment detected on body : Box1 
 Segment Statistics - Number of Segments : 1 --- Segment length(s) : 0.200000mm. The cutoff frequency for S-Matrix Only Solve is 4.22108038271164MHz 
1 -1  # nfids, fids[]
1 18  # nbids, bids[]
      8 0 1 0 #ntets ntri ned npts
          -1.4796392492106563e+01   7.6474374573189996e-01   6.3677708583723085e-17 #xyz tv0
          -1.6572222739390838e+01   3.5894238286449642e+00  -4.0000000000000002e-01 #xyz tv1
          -1.7755670990527875e+01   7.6474374573189996e-01   4.2451805722482050e-17 #xyz tv2
          -1.7755670990527875e+01   7.6474374573189996e-01  -1.9999999999999996e-01 -1 18 #xyz tv3 fid bid
          -1.7755670990527875e+01   7.6474374573189996e-01   4.2451805722482050e-17 #xyz tv0
          -1.6572222739390838e+01   3.5894238286449642e+00  -4.0000000000000002e-01 #xyz tv1
          -1.8360215135368811e+01   2.3893176493115300e+00  -8.0000000000000004e-01 #xyz tv2
          -1.7755670990527875e+01   7.6474374573189996e-01  -1.9999999999999996e-01 -1 18 #xyz tv3 fid bid
          -1.4796392492106563e+01  -7.6474374573189996e-01  -2.7593673719613334e-16 #xyz tv0
          -1.7755670990527875e+01   7.6474374573189996e-01  -1.9999999999999996e-01 #xyz tv1
          -1.4796392492106563e+01   7.6474374573189996e-01   6.3677708583723085e-17 #xyz tv2
          -1.7755670990527875e+01   7.6474374573189996e-01   4.2451805722482050e-17 -1 18 #xyz tv3 fid bid
          -2.0803936611344398e+01   2.9000945649981595e+00   1.4273336719956975e-17 #xyz tv0
          -1.7755670990527875e+01   7.6474374573189996e-01   4.2451805722482050e-17 #xyz tv1
          -1.8360215135368811e+01   2.3893176493115300e+00  -8.0000000000000004e-01 #xyz tv2
          -1.7755670990527875e+01   7.6474374573189996e-01  -1.9999999999999996e-01 -1 18 #xyz tv3 fid bid
          -1.7755670990527875e+01   7.6474374573189996e-01   4.2451805722482050e-17 #xyz tv0
          -1.7755670990527875e+01   7.6474374573189996e-01  -1.9999999999999996e-01 #xyz tv1
          -1.7755670990527875e+01  -7.6474374573189996e-01  -2.9716264005737439e-16 #xyz tv2
          -1.4796392492106563e+01  -7.6474374573189996e-01  -2.7593673719613334e-16 -1 18 #xyz tv3 fid bid
          -1.7755670990527875e+01   7.6474374573189996e-01   4.2451805722482050e-17 #xyz tv0
          -1.7755670990527875e+01   7.6474374573189996e-01  -1.9999999999999996e-01 #xyz tv1
          -2.0803936611344398e+01   2.9000945649981595e+00   1.4273336719956975e-17 #xyz tv2
          -2.3674227987370500e+01   7.6474374573189996e-01  -4.0000000000000002e-01 -1 18 #xyz tv3 fid bid
          -1.7755670990527875e+01   7.6474374573189996e-01   4.2451805722482050e-17 #xyz tv0
          -1.7755670990527875e+01  -7.6474374573189996e-01  -2.9716264005737439e-16 #xyz tv1
          -1.7755670990527875e+01   7.6474374573189996e-01  -1.9999999999999996e-01 #xyz tv2
          -2.3674227987370500e+01   4.6468803994125868e-01  -4.9598765432098774e-01 -1 18 #xyz tv3 fid bid
          -2.3674227987370500e+01   4.6468803994125868e-01  -4.9598765432098774e-01 #xyz tv0
          -1.7755670990527875e+01   7.6474374573189996e-01  -1.9999999999999996e-01 #xyz tv1
          -1.7755670990527875e+01   7.6474374573189996e-01   4.2451805722482050e-17 #xyz tv2
          -2.3674227987370500e+01   7.6474374573189996e-01  -4.0000000000000002e-01 -1 18 #xyz tv3 fid bid
          -1.7755670990527875e+01   7.6474374573189996e-01  -1.9999999999999996e-01 #xyz ev0
          -1.7755670990527875e+01   7.6474374573189996e-01   4.2451805722482050e-17 -1 18 #xyz ev1 fid bid
   0   0.000000000000e+00   0.000000000000e+00   0.000000000000e+00 #flag location
END_ERR 
G3dErrFileVersion 2018P3.1
FlagFileMetaData Begin
   Mesh Size - Setup1, Refinement, Pass #8, Freq. 8.680000e+08 :Title    
   Listing of mesh elements with small segments. :ToolTip  
   hf3d :Author   
   1716116186 :TimeStamp
FlagFileMetaData End
BEGIN_ERR 
26 Small mesh segment detected on body : Box1
 Small mesh segment detected on body : Box1 
 Segment Statistics - Number of Segments : 1 --- Segment length(s) : 0.200000mm. The cutoff frequency for S-Matrix Only Solve is 4.22108038271164MHz 
1 -1  # nfids, fids[]
1 18  # nbids, bids[]
      9 0 1 0 #ntets ntri ned npts
          -1.4715786572428197e+01   7.6474374573189996e-01   6.4255867557961789e-17 #xyz tv0
          -1.6276031741317219e+01  -7.6474374573189996e-01  -2.8654968862675384e-16 #xyz tv1
          -1.7755670990527875e+01   7.6474374573189996e-01  -1.9999999999999996e-01 #xyz tv2
          -1.7755670990527875e+01   7.6474374573189996e-01   4.2451805722482050e-17 -1 18 #xyz tv3 fid bid
          -1.6276031741317219e+01  -7.6474374573189996e-01  -2.8654968862675384e-16 #xyz tv0
          -1.7755670990527875e+01   7.6474374573189996e-01  -1.9999999999999996e-01 #xyz tv1
          -1.7755670990527875e+01   7.6474374573189996e-01   4.2451805722482050e-17 #xyz tv2
          -1.7755670990527875e+01  -7.6474374573189996e-01  -2.9716264005737439e-16 -1 18 #xyz tv3 fid bid
          -1.6220569426478210e+01   1.8935811964053728e+00   4.8376131041599740e-17 #xyz tv0
          -1.7755670990527875e+01   7.6474374573189996e-01  -1.9999999999999996e-01 #xyz tv1
          -1.7755670990527875e+01   7.6474374573189996e-01   4.2451805722482050e-17 #xyz tv2
          -1.4715786572428197e+01   7.6474374573189996e-01   6.4255867557961789e-17 -1 18 #xyz tv3 fid bid
          -1.7755670990527875e+01   7.6474374573189996e-01   4.2451805722482050e-17 #xyz tv0
          -1.7755670990527875e+01   7.6474374573189996e-01  -1.9999999999999996e-01 #xyz tv1
          -2.0714949488949188e+01  -7.6474374573189996e-01  -4.0000000000000019e-01 #xyz tv2
          -1.7755670990527875e+01  -7.6474374573189996e-01  -2.9716264005737439e-16 -1 18 #xyz tv3 fid bid
          -1.7271720586005557e+01   3.2001580248865471e+00   3.5914769991421075e-17 #xyz tv0
          -1.6220569426478210e+01   1.8935811964053728e+00   4.8376131041599740e-17 #xyz tv1
          -1.7755670990527875e+01   7.6474374573189996e-01  -1.9999999999999996e-01 #xyz tv2
          -1.7755670990527875e+01   7.6474374573189996e-01   4.2451805722482050e-17 -1 18 #xyz tv3 fid bid
          -1.7755670990527875e+01   7.6474374573189996e-01   4.2451805722482050e-17 #xyz tv0
          -2.0714949488949188e+01  -7.6474374573189996e-01  -4.0000000000000019e-01 #xyz tv1
          -1.7755670990527875e+01   7.6474374573189996e-01  -1.9999999999999996e-01 #xyz tv2
          -2.3674227987370500e+01   4.3711580821707074e-01  -4.8989131248909179e-01 -1 18 #xyz tv3 fid bid
          -2.0803936611344398e+01   2.9000945649981595e+00   1.4273336719956975e-17 #xyz tv0
          -1.7271720586005557e+01   3.2001580248865471e+00   3.5914769991421075e-17 #xyz tv1
          -1.7755670990527875e+01   7.6474374573189996e-01  -1.9999999999999996e-01 #xyz tv2
          -1.7755670990527875e+01   7.6474374573189996e-01   4.2451805722482050e-17 -1 18 #xyz tv3 fid bid
          -2.3674227987370500e+01   4.3711580821707074e-01  -4.8989131248909179e-01 #xyz tv0
          -1.7755670990527875e+01   7.6474374573189996e-01  -1.9999999999999996e-01 #xyz tv1
          -1.7755670990527875e+01   7.6474374573189996e-01   4.2451805722482050e-17 #xyz tv2
          -2.3674227987370500e+01   7.6474374573189996e-01  -4.0000000000000002e-01 -1 18 #xyz tv3 fid bid
          -1.7755670990527875e+01   7.6474374573189996e-01   4.2451805722482050e-17 #xyz tv0
          -1.7755670990527875e+01   7.6474374573189996e-01  -1.9999999999999996e-01 #xyz tv1
          -2.0803936611344398e+01   2.9000945649981595e+00   1.4273336719956975e-17 #xyz tv2
          -2.3674227987370500e+01   7.6474374573189996e-01  -4.0000000000000002e-01 -1 18 #xyz tv3 fid bid
          -1.7755670990527875e+01   7.6474374573189996e-01  -1.9999999999999996e-01 #xyz ev0
          -1.7755670990527875e+01   7.6474374573189996e-01   4.2451805722482050e-17 -1 18 #xyz ev1 fid bid
   0   0.000000000000e+00   0.000000000000e+00   0.000000000000e+00 #flag location
END_ERR 
G3dErrFileVersion 2018P3.1
FlagFileMetaData Begin
   Mesh Size - Setup1, Refinement, Pass #9, Freq. 8.680000e+08 :Title    
   Listing of mesh elements with small segments. :ToolTip  
   hf3d :Author   
   1716116189 :TimeStamp
FlagFileMetaData End
BEGIN_ERR 
26 Small mesh segment detected on body : Box1
 Small mesh segment detected on body : Box1 
 Segment Statistics - Number of Segments : 1 --- Segment length(s) : 0.200000mm. The cutoff frequency for S-Matrix Only Solve is 4.22108038271164MHz 
1 -1  # nfids, fids[]
1 18  # nbids, bids[]
      10 0 1 0 #ntets ntri ned npts
          -1.7755670990527875e+01   7.6474374573189996e-01   4.2451805722482050e-17 #xyz tv0
          -1.7340975236663041e+01   1.9970551028270560e+00  -3.7451774691358025e-01 #xyz tv1
          -1.8692004229954431e+01   2.2209002351098057e+00  -3.1342472029320995e-01 #xyz tv2
          -1.7755670990527875e+01   7.6474374573189996e-01  -1.9999999999999996e-01 -1 18 #xyz tv3 fid bid
          -2.0737863741171317e+01   2.9316016509719529e+00   1.6304495378089913e-17 #xyz tv0
          -1.7755670990527875e+01   7.6474374573189996e-01   4.2451805722482050e-17 #xyz tv1
          -1.8692004229954431e+01   2.2209002351098057e+00  -3.1342472029320995e-01 #xyz tv2
          -1.7755670990527875e+01   7.6474374573189996e-01  -1.9999999999999996e-01 -1 18 #xyz tv3 fid bid
          -1.7755670990527875e+01   7.6474374573189996e-01   4.2451805722482050e-17 #xyz tv0
          -1.6220569426478210e+01   1.8935811964053730e+00   4.8376131041599740e-17 #xyz tv1
          -1.7340975236663041e+01   1.9970551028270560e+00  -3.7451774691358025e-01 #xyz tv2
          -1.7755670990527875e+01   7.6474374573189996e-01  -1.9999999999999996e-01 -1 18 #xyz tv3 fid bid
          -1.7755670990527875e+01   7.6474374573189996e-01   4.2451805722482050e-17 #xyz tv0
          -1.7755670990527875e+01   7.6474374573189996e-01  -1.9999999999999996e-01 #xyz tv1
          -2.0737863741171317e+01   2.9316016509719529e+00   1.6304495378089913e-17 #xyz tv2
          -2.3674227987370500e+01   7.6474374573189996e-01  -4.0000000000000002e-01 -1 18 #xyz tv3 fid bid
          -1.6220569426478210e+01   1.8935811964053730e+00   4.8376131041599740e-17 #xyz tv0
          -1.7755670990527875e+01   7.6474374573189996e-01  -1.9999999999999996e-01 #xyz tv1
          -1.7755670990527875e+01   7.6474374573189996e-01   4.2451805722482050e-17 #xyz tv2
          -1.4706403503210872e+01   7.6474374573189996e-01   6.4323169136996523e-17 -1 18 #xyz tv3 fid bid
          -2.3674227987370500e+01   4.3262819324174268e-01  -4.8853478803322969e-01 #xyz tv0
          -1.7755670990527875e+01   7.6474374573189996e-01  -1.9999999999999996e-01 #xyz tv1
          -1.7755670990527875e+01   7.6474374573189996e-01   4.2451805722482050e-17 #xyz tv2
          -2.3674227987370500e+01   7.6474374573189996e-01  -4.0000000000000002e-01 -1 18 #xyz tv3 fid bid
          -1.4706403503210872e+01   7.6474374573189996e-01   6.4323169136996523e-17 #xyz tv0
          -1.6276031741317219e+01  -7.6474374573189996e-01  -2.8654968862675384e-16 #xyz tv1
          -1.7755670990527875e+01   7.6474374573189996e-01  -1.9999999999999996e-01 #xyz tv2
          -1.7755670990527875e+01   7.6474374573189996e-01   4.2451805722482050e-17 -1 18 #xyz tv3 fid bid
          -1.7755670990527875e+01   7.6474374573189996e-01   4.2451805722482050e-17 #xyz tv0
          -2.0695793280351786e+01  -7.8863359177004311e-01  -4.1109749184743211e-01 #xyz tv1
          -1.7755670990527875e+01   7.6474374573189996e-01  -1.9999999999999996e-01 #xyz tv2
          -2.3674227987370500e+01   4.3262819324174268e-01  -4.8853478803322969e-01 -1 18 #xyz tv3 fid bid
          -1.6276031741317219e+01  -7.6474374573189996e-01  -2.8654968862675384e-16 #xyz tv0
          -1.7755670990527875e+01   7.6474374573189996e-01  -1.9999999999999996e-01 #xyz tv1
          -1.7755670990527875e+01   7.6474374573189996e-01   4.2451805722482050e-17 #xyz tv2
          -1.7755670990527875e+01  -7.6474374573189996e-01  -2.9716264005737439e-16 -1 18 #xyz tv3 fid bid
          -1.7755670990527875e+01   7.6474374573189996e-01   4.2451805722482050e-17 #xyz tv0
          -1.7755670990527875e+01   7.6474374573189996e-01  -1.9999999999999996e-01 #xyz tv1
          -2.0695793280351786e+01  -7.8863359177004311e-01  -4.1109749184743211e-01 #xyz tv2
          -1.7755670990527875e+01  -7.6474374573189996e-01  -2.9716264005737439e-16 -1 18 #xyz tv3 fid bid
          -1.7755670990527875e+01   7.6474374573189996e-01  -1.9999999999999996e-01 #xyz ev0
          -1.7755670990527875e+01   7.6474374573189996e-01   4.2451805722482050e-17 -1 18 #xyz ev1 fid bid
   0   0.000000000000e+00   0.000000000000e+00   0.000000000000e+00 #flag location
END_ERR 
G3dErrFileVersion 2018P3.1
FlagFileMetaData Begin
   Mesh Size - Setup1, Refinement, Pass #10, Freq. 8.680000e+08 :Title    
   Listing of mesh elements with small segments. :ToolTip  
   hf3d :Author   
   1716116192 :TimeStamp
FlagFileMetaData End
BEGIN_ERR 
26 Small mesh segment detected on body : Region
 Small mesh segment detected on body : Region 
 Segment Statistics - Number of Segments : 1 --- Segment length(s) : 0.211631mm. The cutoff frequency for S-Matrix Only Solve is 4.22108038271164MHz 
3 -1  22  116  # nfids, fids[]
2 118  -1  # nbids, bids[]
      5 4 1 0 #ntets ntri ned npts
          -2.3674227987370500e+01   5.9315285328978573e-01  -6.2644638200465563e-01 #xyz tv0
          -2.3674227987370500e+01   3.8237187286594998e-01  -8.0000000000000004e-01 #xyz tv1
          -2.6410151079741986e+01   7.4306122718049672e-01  -1.1523384393379171e-01 #xyz tv2
          -2.3674227987370500e+01   4.3262819324174273e-01  -4.8853478803322969e-01 -1 118 #xyz tv3 fid bid
          -2.3674227987370500e+01   5.9315285328978573e-01  -6.2644638200465563e-01 #xyz tv0
          -2.6410151079741986e+01   7.4306122718049672e-01  -1.1523384393379171e-01 #xyz tv1
          -2.3674227987370500e+01   7.6474374573189996e-01  -4.0000000000000002e-01 #xyz tv2
          -2.3674227987370500e+01   4.3262819324174273e-01  -4.8853478803322969e-01 -1 118 #xyz tv3 fid bid
          -2.3674227987370500e+01   4.3262819324174273e-01  -4.8853478803322969e-01 #xyz tv0
          -2.3674227987370500e+01   3.8237187286594998e-01  -8.0000000000000004e-01 #xyz tv1
          -2.0998290891383533e+01   7.8812071092287175e-03  -8.0000000000000004e-01 #xyz tv2
          -2.3674227987370500e+01   5.9315285328978573e-01  -6.2644638200465563e-01 -1 118 #xyz tv3 fid bid
          -2.1570913718382350e+01   7.2832658802866634e-01  -5.1207315917543905e-01 #xyz tv0
          -2.3674227987370500e+01   7.6474374573189996e-01  -4.0000000000000002e-01 #xyz tv1
          -2.3674227987370500e+01   4.3262819324174273e-01  -4.8853478803322969e-01 #xyz tv2
          -2.3674227987370500e+01   5.9315285328978573e-01  -6.2644638200465563e-01 -1 118 #xyz tv3 fid bid
          -2.1570913718382350e+01   7.2832658802866634e-01  -5.1207315917543905e-01 #xyz tv0
          -2.3674227987370500e+01   4.3262819324174273e-01  -4.8853478803322969e-01 #xyz tv1
          -2.0998290891383533e+01   7.8812071092287175e-03  -8.0000000000000004e-01 #xyz tv2
          -2.3674227987370500e+01   5.9315285328978573e-01  -6.2644638200465563e-01 -1 118 #xyz tv3 fid bid
          -2.3674227987370500e+01   5.9315285328978573e-01  -6.2644638200465563e-01 #xyz tv0
          -2.3674227987370500e+01   4.3262819324174273e-01  -4.8853478803322969e-01 #xyz tv1
          -2.3674227987370500e+01   7.6474374573189996e-01  -4.0000000000000002e-01 22 -1 #xyz tv2 fid bid
          -2.3674227987370500e+01   5.9315285328978573e-01  -6.2644638200465563e-01 #xyz tv0
          -2.3674227987370500e+01   4.3262819324174273e-01  -4.8853478803322969e-01 #xyz tv1
          -2.3674227987370500e+01   7.6474374573189996e-01  -4.0000000000000002e-01 116 -1 #xyz tv2 fid bid
          -2.3674227987370500e+01   5.9315285328978573e-01  -6.2644638200465563e-01 #xyz tv0
          -2.3674227987370500e+01   3.8237187286594998e-01  -8.0000000000000004e-01 #xyz tv1
          -2.3674227987370500e+01   4.3262819324174273e-01  -4.8853478803322969e-01 22 -1 #xyz tv2 fid bid
          -2.3674227987370500e+01   5.9315285328978573e-01  -6.2644638200465563e-01 #xyz tv0
          -2.3674227987370500e+01   3.8237187286594998e-01  -8.0000000000000004e-01 #xyz tv1
          -2.3674227987370500e+01   4.3262819324174273e-01  -4.8853478803322969e-01 116 -1 #xyz tv2 fid bid
          -2.3674227987370500e+01   5.9315285328978573e-01  -6.2644638200465563e-01 #xyz ev0
          -2.3674227987370500e+01   4.3262819324174273e-01  -4.8853478803322969e-01 -1 118 #xyz ev1 fid bid
   0   0.000000000000e+00   0.000000000000e+00   0.000000000000e+00 #flag location
END_ERR 
G3dErrFileVersion 2018P3.1
FlagFileMetaData Begin
   Mesh Size - Setup1, Refinement, Pass #11, Freq. 8.680000e+08 :Title    
   Listing of mesh elements with small segments. :ToolTip  
   hf3d :Author   
   1716116195 :TimeStamp
FlagFileMetaData End
BEGIN_ERR 
26 Small mesh segment detected on body : Region
 Small mesh segment detected on body : Region 
 Segment Statistics - Number of Segments : 1 --- Segment length(s) : 0.208934mm. The cutoff frequency for S-Matrix Only Solve is 4.22108038271164MHz 
3 -1  22  116  # nfids, fids[]
2 118  -1  # nbids, bids[]
      4 4 1 0 #ntets ntri ned npts
          -2.3674227987370500e+01   5.8900275914736577e-01  -6.2397331265224465e-01 #xyz tv0
          -2.6410151079741986e+01   7.4306122718049672e-01  -1.1523384393379171e-01 #xyz tv1
          -2.3674227987370500e+01   7.6474374573189996e-01  -4.0000000000000002e-01 #xyz tv2
          -2.3674227987370500e+01   4.3049795439662275e-01  -4.8785034901654895e-01 -1 118 #xyz tv3 fid bid
          -2.3674227987370500e+01   5.8900275914736577e-01  -6.2397331265224465e-01 #xyz tv0
          -2.3674227987370500e+01   7.6474374573189996e-01  -4.0000000000000002e-01 #xyz tv1
          -2.2090126357764710e+01   7.4292118064723123e-01  -4.5783934633438139e-01 #xyz tv2
          -2.3674227987370500e+01   4.3049795439662275e-01  -4.8785034901654895e-01 -1 118 #xyz tv3 fid bid
          -2.3674227987370500e+01   5.8900275914736577e-01  -6.2397331265224465e-01 #xyz tv0
          -2.3674227987370500e+01   3.8237187286594998e-01  -8.0000000000000004e-01 #xyz tv1
          -2.6410151079741986e+01   7.4306122718049672e-01  -1.1523384393379171e-01 #xyz tv2
          -2.3674227987370500e+01   4.3049795439662275e-01  -4.8785034901654895e-01 -1 118 #xyz tv3 fid bid
